,Unnamed: 0,Instance,DP,Random,QAOA_1,QAOA_beta,QAOA_gamma,QAOA_classical
0,0,"((3707, 3363, 1213, 2097, 3381, 3294), (1, 2, 1, 1, 1, 1))",34908,38913.0,35917.57945756418,0.2633319261937171,0.013472721806987348,38913.0
1,1,"((3168, 2854, 3240, 3437, 1798, 1854), (1, 2, 2, 1, 1, 1))",38285,43622.0,40188.06893799016,0.2645484536005266,0.011892167887144105,43621.99999999999
2,2,"((1714, 759, 2605, 270, 2489, 2155), (2, 2, 1, 3, 3, 2))",30171,34395.0,31645.652936310467,0.28615133085842964,0.013210172034446127,34395.0
3,3,"((8337, 5721, 852, 1236, 2309, 2679), (1, 1, 1, 1, 3, 2))",39520,45499.5,41944.86340321618,0.2874317448195299,0.014856304950691282,45499.49999999999
4,4,"((1236, 2309, 2679, 458, 1201, 2852), (1, 1, 1, 1, 3, 2))",23853,27215.5,25213.492427689413,0.2759399570885032,0.020347424927406887,27215.5
5,5,"((1013, 1219, 1591, 2317, 1895, 242), (1, 1, 1, 1, 3, 2))",18175,20480.0,19046.056974186442,0.2717510210513538,0.02722666467582749,20480.000000000004
6,6,"((3466, 3493, 3643, 554, 700, 1942), (3, 1, 1, 1, 1, 1))",29200,33656.5,31185.70954735102,0.2839904514083724,0.016199037184475358,33656.5
7,7,"((3035, 2989, 1341, 1639, 1930, 882), (2, 3, 1, 1, 1, 1))",33774,38366.0,35288.661881731365,0.2775116534058185,0.012657149899685657,38366.000000000015
8,8,"((1450, 2768, 841, 920, 995, 3895), (2, 2, 1, 2, 3, 1))",26874,30282.5,28222.25914457166,0.2674390723200882,0.020590067322241737,30282.5
9,9,"((4476, 1566, 1795, 1682, 1283, 1912), (2, 3, 1, 1, 1, 3))",36916,42074.0,38936.36954049939,0.2721589349230189,0.014008812178412018,42074.0
10,10,"((3098, 1719, 13098, 3579, 1622, 2174), (2, 3, 1, 1, 1, 1))",45256,49575.5,46683.4795214246,0.26317526684012205,0.014694546992063559,49575.5
11,11,"((995, 3895, 1145, 2457, 13087, 4743), (3, 1, 1, 1, 2, 1))",55483,62746.0,58064.333705270066,0.30202344160539324,0.008559648974986374,62746.00000000001
12,12,"((2630, 3350, 957, 1297, 2086, 1323), (1, 1, 1, 1, 3, 2))",26210,29988.0,27649.176384895352,0.2760465838684173,0.01981518480263321,29988.0
13,13,"((1553, 1390, 1785, 3422, 4130, 1383), (1, 1, 1, 1, 3, 2))",35918,40937.0,37728.703883083734,0.28032707035990656,0.013605078986415707,40937.0
14,14,"((3583, 2397, 2566, 836, 1259, 1848), (3, 2, 2, 3, 2, 2))",48951,55691.5,51193.376965502684,0.2733354355986967,0.008534961082296656,55691.50000000002
15,15,"((2425, 843, 2612, 1913, 6403, 1393), (1, 2, 1, 1, 2, 1))",34401,38922.0,35907.16832725324,0.2846780408272742,0.013302986358247169,38921.999999999985
16,16,"((3350, 957, 1297, 2086, 1323, 1869), (1, 1, 1, 1, 3, 2))",24035,26879.5,25018.416592756566,0.2626900597809496,0.02267708927301839,26879.5
17,17,"((1743, 8337, 5721, 852, 1236, 2309), (1, 1, 2, 3, 3, 2))",44463,50039.0,46665.20944732622,0.2835375821609177,0.013561048570467207,50038.99999999999
18,18,"((2965, 3285, 1755, 1797, 3511, 2068), (2, 3, 2, 1, 1, 3))",50281,56689.0,52397.766275054666,0.26881010794212784,0.009155922304425955,56688.99999999999
19,19,"((1325, 2152, 829, 3197, 1006, 480), (2, 3, 1, 1, 1, 1))",22169,25073.0,23103.787237111468,0.2861732849469717,0.020619734824883548,25073.0
20,20,"((6666, 2894, 3119, 1870, 3687, 3169), (2, 2, 1, 1, 3, 2))",68160,77200.0,71354.82224663747,0.2653349113134149,0.006897760635783918,77200.0
21,21,"((695, 6209, 2345, 2314, 3547, 1206), (1, 1, 1, 1, 3, 2))",35485,39729.0,37020.155574699114,0.27686378154883884,0.015452281519995874,39728.999999999985
22,22,"((1101, 3491, 3579, 2944, 108, 3202), (1, 1, 1, 1, 3, 2))",26515,30412.0,27992.9376041364,0.2765780541040202,0.015359340913527713,30412.0
23,23,"((1027, 2913, 2390, 3009, 8705, 131), (1, 1, 3, 3, 2, 3))",50420,57431.5,53242.419473558635,0.2894901185473953,0.009789886079992632,57431.5
24,24,"((3582, 3140, 72, 3205, 2314, 2389), (2, 3, 1, 1, 1, 1))",36956,41583.5,38304.4778458045,0.2768921401106537,0.011573243571060862,41583.5
25,25,"((1835, 3517, 2797, 1515, 1348, 1496), (3, 2, 2, 2, 1, 1))",39550,44953.5,41511.80028135839,0.2663043624288796,0.011762940875245315,44953.5
26,26,"((2594, 3773, 2055, 1853, 890, 1642), (1, 2, 2, 1, 2, 2))",33974,38429.0,35502.35753335895,0.2699854773591175,0.014081370222741368,38429.0
27,27,"((1867, 3540, 1074, 3734, 1466, 2245), (1, 1, 1, 1, 3, 2))",29369,33190.5,30765.385831312033,0.26805220340698066,0.018661866812599532,33190.500000000015
28,28,"((3336, 1511, 3429, 616, 3143, 1953), (1, 1, 1, 1, 3, 2))",33251,38443.5,35292.756809215985,0.28488146816386656,0.014093543549583688,38443.5
29,29,"((2924, 447, 2098, 1813, 3462, 3820), (1, 1, 1, 1, 3, 2))",39206,44246.0,40746.34649743092,0.28000939023203386,0.010783611224193235,44246.0
30,30,"((3673, 3719, 3162, 31226, 645, 1058), (2, 2, 1, 1, 3, 1))",64666,70242.5,66732.73712033691,0.286460188470762,0.01102413787947412,70242.5
31,31,"((2926, 3514, 1538, 3660, 691, 510), (2, 3, 1, 1, 1, 1))",33346,37974.5,34816.825346164,0.2960794988432956,0.012248263170970252,37974.5
32,32,"((3597, 1172, 1037, 2145, 4819, 1874), (1, 1, 1, 1, 3, 2))",39378,44647.5,41166.89736235642,0.2851625066361861,0.012297488463645838,44647.5
33,33,"((1520, 1465, 3335, 2532, 612, 4122), (1, 1, 1, 1, 3, 2))",29270,32858.5,30312.25719056105,0.28047309795855896,0.015380095538369562,32858.5
34,34,"((1068, 1732, 1762, 3966, 234, 288), (1, 1, 1, 1, 3, 2))",13650,15299.0,14230.591145292588,0.2844478552807825,0.03366400577348205,15298.999999999998
35,35,"((1739, 3718, 2418, 2950, 1185, 1239), (1, 1, 1, 1, 3, 2))",25863,29392.5,27246.176676040806,0.26681232079528583,0.02110940453297744,29392.5
36,36,"((3012, 2503, 1128, 2497, 3566, 2105), (2, 3, 1, 1, 1, 1))",36336,41029.5,38043.23728787309,0.2662333469955591,0.013558845906760023,41029.499999999985
37,37,"((1522, 2328, 2313, 2164, 2140, 653), (1, 2, 2, 1, 1, 1))",26196,29913.0,27458.66539445603,0.2734809683701664,0.016187017744723385,29913.0
38,38,"((4251, 1410, 3525, 334, 297, 423), (2, 2, 3, 1, 1, 1))",29564,34154.0,31162.95753418895,0.3179389777094104,0.013507417046489938,34154.0
39,39,"((929, 621, 5229, 1357, 3689, 19491), (3, 1, 1, 1, 1, 3))",83209,95884.5,88456.66476584613,0.3359253478047127,0.0064169203263519286,95884.5
40,40,"((3451, 1296, 2563, 760, 1613, 3643), (2, 3, 1, 1, 1, 1))",29305,33115.5,30723.99899436665,0.274305387262688,0.016888177614428502,33115.5
41,41,"((756, 1057, 2019, 2961, 1208, 4275), (1, 1, 1, 1, 1, 2))",25368,29043.5,26658.280879620383,0.2881661453197757,0.016964226791621066,29043.5
42,42,"((1688, 3517, 4207, 3717, 757, 1592), (1, 1, 1, 1, 3, 2))",28487,31946.5,29587.536535862564,0.27632234294529745,0.016618251039198447,31946.500000000004
43,43,"((2053, 1936, 1574, 3620, 2635, 2391), (1, 1, 1, 1, 3, 2))",35432,39880.5,36937.52845533694,0.26608964953071657,0.013874670112470705,39880.5
44,44,"((2152, 2980, 374, 1205, 3270, 3661), (2, 3, 1, 1, 1, 1))",31739,36768.0,33705.63710232378,0.2885554119901487,0.01419393123514497,36768.0
45,45,"((3493, 3643, 554, 700, 1942, 3098), (1, 1, 1, 1, 3, 2))",29756,33727.5,31190.35001701633,0.2820379804142059,0.01677931753965225,33727.5
46,46,"((603, 1422, 4178, 3482, 4216, 1598), (2, 3, 1, 1, 1, 1))",28076,31868.5,29437.9369704166,0.2829146952839129,0.016575229915868822,31868.5
47,47,"((2144, 815, 3309, 1957, 128, 1101), (1, 1, 1, 1, 3, 2))",15883,17648.5,16350.312106685798,0.2792027288222326,0.0290177470853986,17648.5
48,48,"((3657, 2556, 668, 3538, 3472, 2546), (2, 3, 1, 1, 1, 1))",38525,44035.5,40780.531476480064,0.270370564070072,0.012497892542535995,44035.5
49,49,"((2352, 3400, 1019, 1380, 2267, 3427), (1, 2, 1, 1, 1, 1))",28729,32295.0,29795.070931558304,0.2686057849299925,0.01584701546676348,32294.999999999996
50,50,"((3578, 1227, 2008, 3320, 3378, 3582), (1, 1, 2, 1, 2, 2))",42726,48768.0,44948.7680886344,0.2700322820196192,0.010502600051766809,48768.0
51,51,"((1644, 2748, 1708, 2432, 2791, 7279), (1, 1, 1, 1, 3, 2))",47825,53758.0,49990.28397397048,0.27095338503902605,0.010830776166358393,53757.99999999999
52,52,"((1731, 78, 255, 863, 556, 1822), (1, 3, 2, 1, 3, 2))",11447,13211.0,12192.27756868963,0.29895835942794663,0.041448241649766175,13211.0
53,53,"((1307, 2595, 3396, 3113, 4678, 199), (1, 1, 1, 1, 3, 2))",35327,40629.0,37461.33053136675,0.2844578880943637,0.012449602704696965,40629.0
54,54,"((3113, 1232, 1976, 2127, 2980, 3436), (2, 3, 1, 1, 1, 1))",33234,36944.0,34302.83263788178,0.2622547913357194,0.01534577710322528,36944.0
55,55,"((3718, 2418, 2950, 1185, 1239, 1222), (1, 1, 1, 1, 3, 2))",24957,28263.5,26168.446865987764,0.2707837250874223,0.022136646161958987,28263.5
56,56,"((1292, 2919, 1493, 3076, 868, 1118), (2, 3, 1, 1, 1, 1))",27545,31265.0,28861.910402389512,0.2790767620836444,0.0177314322251962,31264.999999999996
57,57,"((3525, 334, 297, 423, 1825, 848), (2, 1, 1, 2, 2, 1))",17549,19752.5,18199.943235032548,0.308267144532824,0.026185462829665586,19752.5
58,58,"((3554, 3106, 2402, 730, 2209, 1520), (2, 3, 1, 1, 1, 1))",36763,41670.5,38418.79315144237,0.27723523997613203,0.011895215026970687,41670.5
59,59,"((1944, 3106, 3123, 5035, 3628, 2445), (1, 1, 1, 1, 1, 2))",36733,41322.5,38308.246166452605,0.25635187018179073,0.013463737907991708,41322.500000000015
60,60,"((998, 1103, 3526, 1356, 2687, 3581), (2, 2, 2, 2, 1, 1))",31419,35116.5,32509.82974888664,0.2716886645948407,0.017069345282967927,35116.5
61,61,"((2367, 2710, 1401, 1800, 2333, 1736), (2, 3, 1, 1, 1, 1))",33425,37735.5,34817.993118656625,0.2690463144318464,0.013769886925934754,37735.5
62,62,"((3372, 3449, 33097, 1857, 2468, 1122), (2, 3, 1, 1, 1, 1))",71128,76894.5,73236.09050149315,0.2742339661382931,0.010838380425831474,76894.5
63,63,"((1833, 1854, 1995, 4172, 479, 2425), (2, 3, 1, 1, 1, 1))",27272,30807.0,28572.483238081368,0.2725864796484471,0.01951473250379948,30807.0
64,64,"((2086, 1323, 1869, 2850, 7562, 4182), (1, 3, 2, 2, 3, 2))",71269,80672.0,74357.71764084189,0.28398207846776485,0.006325670168729137,80672.0
65,65,"((2781, 549, 1512, 1636, 1335, 3451), (2, 3, 1, 1, 1, 1))",23753,26629.0,24640.13428926203,0.2730316647886231,0.01974264949922117,26629.000000000004
66,66,"((1101, 3491, 3579, 2944, 108, 3202), (2, 3, 1, 1, 1, 1))",31577,36024.5,33349.793676682115,0.27958424137557536,0.014822290968801452,36024.5
67,67,"((1493, 6047, 3156, 2692, 2607, 214), (2, 3, 1, 1, 1, 1))",42292,48154.5,44251.85530627397,0.2924227135040014,0.010465545706550332,48154.5
68,68,"((1456, 2286, 1813, 2935, 3485, 3363), (2, 1, 2, 1, 1, 2))",35613,40396.5,37397.362340253945,0.26304015677773,0.01414321650525078,40396.5
69,69,"((1234, 3568, 3253, 1493, 1402, 1852), (2, 3, 1, 1, 1, 1))",32739,37149.0,34333.90633531379,0.276034345716396,0.015215476719252203,37148.999999999985
70,70,"((684, 7664, 1854, 1722, 2108, 1837), (2, 3, 1, 1, 1, 1))",44627,50903.5,46923.01337018603,0.29622289104127325,0.011138032583752285,50903.5
71,71,"((1128, 2497, 3566, 2105, 2040, 3441), (1, 1, 2, 1, 3, 1))",35558,40065.5,37174.34892322163,0.26603616132155034,0.014011400499852823,40065.499999999985
72,72,"((3675, 2387, 1605, 1921, 2663, 3468), (3, 2, 2, 1, 1, 1))",43534,49407.0,45501.25717023807,0.2757640383676027,0.01059744784643442,49407.0
73,73,"((2374, 3200, 147, 2394, 1768, 2080), (2, 3, 1, 1, 1, 1))",31041,35694.0,32633.46571444805,0.2868307889669339,0.013042070562939302,35693.999999999985
74,74,"((1408, 2617, 1417, 1605, 5925, 1560), (1, 1, 1, 1, 3, 2))",41285,47341.0,43582.50173795069,0.2884323449478977,0.012084406318085552,47341.0
75,75,"((3071, 1300, 1263, 1456, 2675, 2548), (2, 3, 1, 1, 1, 1))",28900,32298.5,29935.109867553467,0.2670932729962961,0.017419660798863038,32298.499999999996
76,76,"((1801, 2815, 3283, 769, 860, 1336), (2, 3, 1, 1, 1, 1))",28567,32366.5,29723.420214529102,0.2864127713163302,0.015349378693711618,32366.50000000001
77,77,"((2200, 3016, 2575, 3559, 3999, 4240), (1, 1, 1, 1, 1, 2))",42300,47487.0,43775.9207370601,0.25955107260004057,0.010977022997753928,47487.0
78,78,"((645, 1058, 2130, 829, 1496, 1248), (2, 3, 1, 1, 1, 1))",15650,17780.0,16441.252393963092,0.2686896364051785,0.035714991052601765,17780.000000000004
79,79,"((1164, 5384, 3006, 3349, 1132, 2284), (3, 2, 1, 1, 3, 2))",43009,48620.0,44834.58374461271,0.2801891645830287,0.012307548374367566,48620.00000000001
80,80,"((2816, 1366, 6137, 3429, 3464, 8173), (1, 1, 1, 1, 3, 2))",60573,69155.0,64027.476905643874,0.2771723948241744,0.008115093475332182,69155.0
81,81,"((1686, 2786, 2395, 2860, 2778, 3190), (2, 3, 1, 1, 1, 1))",37070,42226.5,38934.92499899411,0.2661578978452868,0.014080389097218059,42226.5
82,82,"((2699, 1379, 1847, 4344, 633, 2095), (1, 1, 1, 1, 3, 2))",24957,27712.0,25820.216805360902,0.2663233473015031,0.021411666493197482,27712.0
83,83,"((3403, 1119, 1514, 1677, 1685, 2604), (1, 1, 1, 1, 3, 2))",28821,32087.0,29825.93151601717,0.2634896507226456,0.0178217833669095,32087.000000000004
84,84,"((872, 956, 1484, 3673, 1269, 1739), (2, 1, 2, 1, 1, 1))",19286,21505.5,20045.22475433902,0.2601760520906103,0.028882150505125038,21505.5
85,85,"((1744, 1506, 1385, 3912, 2244, 2641), (1, 1, 1, 1, 3, 2))",33222,37030.5,34385.230550068416,0.2646293891865299,0.015007016803561,37030.5
86,86,"((1910, 3469, 664, 1542, 2271, 2694), (2, 3, 1, 1, 1, 1))",32885,37665.0,34628.20601836342,0.2831529328303148,0.013690893644035845,37665.0
87,87,"((3530, 3674, 2888, 378, 658, 152), (3, 1, 2, 2, 2, 1))",29020,33249.0,30277.477354040348,0.3178007526080477,0.013912075217446071,33249.0
88,88,"((891, 1963, 3587, 1694, 1934, 893), (2, 3, 1, 1, 1, 1))",23895,26824.0,24918.003900952623,0.2696635107199764,0.023380674315245712,26824.0
89,89,"((2663, 3468, 4209, 296, 3354, 3430), (2, 3, 1, 1, 1, 1))",40351,45936.5,42182.851632524085,0.28079868467724955,0.011636475144514416,45936.5
90,90,"((471, 1736, 2225, 3326, 3452, 1762), (1, 1, 1, 1, 3, 2))",32234,36834.5,33950.81274459236,0.283323923457564,0.01437339881018863,36834.5
91,91,"((1694, 1934, 893, 1467, 2140, 1901), (3, 1, 1, 1, 2, 1))",25231,28499.0,26398.407953418002,0.2644851308362357,0.019399937868029925,28499.000000000004
92,92,"((2738, 684, 7664, 1854, 1722, 2108), (2, 2, 1, 2, 1, 1))",32266,35958.0,33632.111491763564,0.2683398763406976,0.017101786537417934,35958.0
93,93,"((397, 2583, 3258, 1751, 1911, 1273), (1, 1, 1, 1, 1, 1))",18175,20540.5,18935.650481988407,0.2691721576898076,0.023759188147055,20540.500000000004
94,94,"((3219, 628, 1006, 3198, 822, 1213), (2, 3, 1, 1, 1, 1))",21314,23941.0,22200.663728263924,0.2838822018953067,0.02397706530939673,23941.0
95,95,"((1599, 1877, 3587, 6937, 917, 1587), (2, 3, 1, 1, 1, 1))",31313,35442.0,32900.895336238755,0.2760632717918831,0.019444066300377268,35442.0
96,96,"((1385, 3912, 2244, 2641, 2237, 516), (3, 1, 2, 1, 1, 1))",26748,30317.5,28176.676561609722,0.2692228456200709,0.01978788153817412,30317.500000000004
97,97,"((2921, 1754, 2465, 2332, 1147, 956), (1, 1, 1, 1, 3, 2))",23117,26373.5,24356.941204375053,0.2680519894526536,0.022966422992201908,26373.5
98,98,"((3228, 1976, 3057, 2979, 1648, 496), (2, 3, 1, 1, 1, 1))",30880,35467.5,32827.263763323484,0.2734954723019332,0.015420042013175185,35467.500000000015
99,99,"((1384, 827, 1229, 1835, 3697, 3053), (1, 1, 1, 1, 3, 2))",35932,41078.0,37542.929078347785,0.28773568622337425,0.011135743388484859,41078.0
