,Unnamed: 0,Instance,DP,Random,QAOA_1,QAOA_beta,QAOA_gamma,QAOA_classical
0,0,"((554, 700, 1942, 3098, 1719, 13098, 3579, 1622), (1, 1, 2, 2, 1, 2, 3, 2))",84246,92222.5,86951.4758988711,0.26077580818409124,0.007701930071781228,92222.5
1,1,"((1970, 1684, 2021, 3391, 917, 1546, 1519, 7846), (1, 3, 2, 1, 2, 1, 2, 2))",61547,69452.0,64854.607109606026,0.2608492903396621,0.011328149430273366,69452.0
2,2,"((3346, 777, 3123, 10637, 732, 732, 3845, 3274), (2, 3, 2, 1, 2, 2, 1, 1))",57783,64105.5,60077.55797579399,0.2646054169907425,0.01152351900479048,64105.49999999999
3,3,"((2594, 3773, 2055, 1853, 890, 1642, 2595, 2159), (2, 2, 3, 1, 2, 1, 2, 1))",62302,69627.0,64920.11235613938,0.248845089098624,0.009294968816918324,69627.0
4,4,"((4983, 3228, 1976, 3057, 2979, 1648, 496, 2378), (2, 3, 2, 1, 2, 2, 1, 1))",72699,81667.5,76000.59783968197,0.2548103655798052,0.007774242735520902,81667.50000000001
5,5,"((4118, 2672, 3885, 3582, 3140, 72, 3205, 2314), (1, 1, 2, 2, 1, 2, 3, 2))",72275,81229.0,75493.51487190259,0.2539735414625983,0.007450372870226183,81228.99999999999
6,6,"((1708, 1973, 1714, 2676, 4036, 2128, 3610, 394), (1, 2, 1, 3, 2, 1, 1, 1))",54489,61188.0,56975.486427224474,0.25645137390096256,0.010410688732415312,61188.0
7,7,"((19982, 3394, 1519, 3274, 2455, 872, 956, 1484), (1, 3, 1, 1, 2, 2, 1, 2))",69461,76156.5,72007.73042085533,0.2626919980213156,0.010846230563345346,76156.5
8,8,"((3019, 988, 3451, 1807, 3035, 2989, 1341, 1639), (1, 1, 2, 2, 1, 2, 3, 2))",58923,65815.0,61455.86657456951,0.2488965570037914,0.0104885485794193,65815.0
9,9,"((3009, 3558, 1910, 3469, 664, 1542, 2271, 2694), (2, 3, 2, 1, 2, 2, 1, 1))",62514,69718.5,64965.76967316434,0.2572214058233219,0.009172526631451792,69718.5
10,10,"((3438, 1563, 3403, 995, 2131, 1620, 2040, 110), (1, 2, 1, 1, 1, 3, 2, 2))",38513,43407.0,40389.957071140016,0.2566292331448031,0.015895921340627818,43407.000000000015
11,11,"((2467, 753, 3286, 2324, 2643, 14242, 1206, 2082), (1, 1, 2, 2, 1, 2, 3, 2))",84406,91962.5,86954.63389413175,0.2544490966904829,0.008840107034566738,91962.5
12,12,"((2397, 2566, 836, 1259, 1848, 3264, 1607, 577), (2, 3, 2, 1, 2, 2, 1, 1))",53630,60118.0,55920.89324146852,0.25665972572416995,0.00987519973262784,60118.0
13,13,"((2687, 3581, 3119, 6814, 1741, 2959, 2992, 3184), (2, 3, 2, 1, 2, 2, 1, 1))",87864,97370.0,90947.68376908673,0.24750416866264355,0.0069112106601650495,97370.0
14,14,"((3469, 664, 1542, 2271, 2694, 3112, 2907, 3462), (2, 3, 2, 1, 2, 2, 1, 1))",61800,68994.0,64352.48063343572,0.252028849650784,0.009184808385204564,68994.0
15,15,"((1722, 2108, 1837, 3530, 3674, 2888, 378, 658), (2, 3, 2, 2, 2, 1, 2, 1))",58512,65794.5,61146.20260939148,0.2594759885461591,0.009366454540117131,65794.5
16,16,"((264, 4643, 1785, 2053, 3571, 2580, 1024, 3439), (1, 1, 2, 2, 1, 2, 3, 2))",55237,61783.5,57677.38311042385,0.2546400669136389,0.010821863347829629,61783.49999999999
17,17,"((1722, 2108, 1837, 3530, 3674, 2888, 378, 658), (1, 1, 2, 2, 1, 2, 3, 2))",47525,53181.5,49543.95108501454,0.26086545562876506,0.011294061112784871,53181.50000000001
18,18,"((3511, 2068, 2523, 3247, 3267, 2220, 2467, 753), (1, 1, 2, 2, 1, 2, 3, 2))",64387,72002.0,67226.08040199477,0.248826900701072,0.009288156665722242,72002.0
19,19,"((2621, 1788, 669, 1617, 3362, 5093, 772, 3102), (1, 1, 2, 2, 1, 2, 3, 2))",54734,61699.5,57489.88991086207,0.2634054855650876,0.010327849480831448,61699.49999999999
20,20,"((2954, 1867, 3540, 1074, 3734, 1466, 2245, 2200), (1, 1, 2, 2, 1, 2, 3, 2))",60405,67635.5,63145.92723871955,0.2482717179060616,0.010532188840503795,67635.5
21,21,"((2594, 3773, 2055, 1853, 890, 1642, 2595, 2159), (2, 3, 2, 1, 2, 2, 1, 1))",63106,70314.0,65392.43314441378,0.2580094463759501,0.008711051611671095,70314.00000000001
22,22,"((3689, 19491, 135, 685, 1500, 860, 8398, 1924), (2, 3, 2, 1, 2, 2, 1, 1))",103325,118106.5,108745.01212228493,0.3308757791826754,0.005637081135732478,118106.49999999994
23,23,"((2447, 648, 3371, 1365, 3501, 1626, 2142, 10704), (1, 1, 2, 2, 2, 3, 1, 2))",79735,88415.0,83082.42635781558,0.2580496883624733,0.007995111042415142,88415.0
24,24,"((927, 1496, 2900, 1923, 1485, 3072, 5666, 2572), (1, 1, 2, 2, 1, 2, 3, 2))",83452,92969.0,86359.87568105246,0.2570898404306992,0.006283333214885071,92969.0
25,25,"((2105, 914, 2903, 3228, 1690, 3456, 3138, 2521), (2, 1, 1, 3, 2, 1, 1, 2))",63942,71335.5,66346.24844558847,0.2543111584096247,0.009143953105060424,71335.50000000003
26,26,"((3705, 4561, 3372, 3449, 33097, 1857, 2468, 1122), (2, 3, 2, 1, 2, 2, 1, 1))",153241,165018.0,157274.52497626853,0.2544046085237712,0.0055476086798836996,165017.99999999994
27,27,"((3448, 3578, 1227, 2008, 3320, 3378, 3582, 1164), (2, 1, 2, 2, 1, 1, 1, 2))",56726,63347.0,59084.235864372175,0.2469424435750395,0.011356975254509709,63347.00000000001
28,28,"((3552, 1554, 1763, 3499, 3170, 129, 999, 1013), (1, 1, 2, 2, 1, 2, 3, 2))",40340,45495.5,42430.26771033516,0.2608158948360402,0.015006817969933625,45495.5
29,29,"((840, 1386, 1764, 3673, 3719, 3162, 31226, 645), (1, 1, 2, 2, 1, 3, 3, 1))",153911,166830.0,159437.1787349485,0.2814069944256457,0.0060534826986741825,166830.0
30,30,"((1354, 1377, 1756, 2893, 3675, 2387, 1605, 1921), (1, 1, 2, 2, 1, 2, 3, 2))",58806,64775.5,60551.21677744293,0.24291107363713596,0.010468506114574809,64775.5
31,31,"((271, 1905, 3531, 1661, 2722, 2710, 2136, 2847), (1, 1, 2, 2, 1, 2, 3, 2))",62637,70197.0,65308.75414153072,0.2516501896341728,0.00873096863414747,70197.0
32,32,"((1101, 2274, 1518, 1924, 1777, 3506, 1333, 1961), (2, 3, 2, 1, 2, 2, 1, 1))",55143,61572.5,57350.636796748244,0.2494589960688795,0.010882483724600784,61572.5
33,33,"((1718, 1731, 78, 255, 863, 556, 1822, 1822), (1, 3, 1, 1, 3, 1, 2, 1))",25938,29266.5,27200.930944220585,0.27163733254235634,0.020415605377793872,29266.5
34,34,"((2087, 3579, 1232, 5482, 1371, 2254, 760, 1901), (1, 3, 2, 1, 1, 3, 1, 1))",55748,62175.0,58075.233574782695,0.262508951199918,0.010711514897612951,62175.0
35,35,"((1739, 3718, 2418, 2950, 1185, 1239, 1222, 1289), (1, 1, 2, 2, 1, 2, 3, 2))",49956,55118.5,51540.2978717844,0.24755304360085398,0.01287786900423692,55118.49999999999
36,36,"((2245, 2200, 3016, 2575, 3559, 3999, 4240, 2646), (2, 3, 2, 1, 2, 2, 1, 1))",84419,93251.5,87134.45197292052,0.24298317831301355,0.0073063485148050535,93251.5
37,37,"((1694, 1934, 893, 1467, 2140, 1901, 1006, 1098), (1, 1, 2, 2, 1, 2, 3, 2))",37816,42078.5,39325.1961290356,0.2428921486353377,0.01756604135074444,42078.5
38,38,"((1921, 2663, 3468, 4209, 296, 3354, 3430, 737), (2, 3, 2, 1, 2, 2, 1, 1))",60478,68578.5,63777.44869159375,0.26063897904337785,0.008915073113460039,68578.5
39,39,"((1281, 2612, 1260, 3724, 2439, 1296, 3389, 2155), (3, 1, 1, 3, 1, 1, 3, 1))",64935,72694.0,67477.77196865612,0.2697520091275236,0.008109140142343848,72694.0
40,40,"((5470, 1806, 3531, 1354, 1377, 1756, 2893, 3675), (2, 3, 2, 1, 2, 2, 1, 1))",69648,77924.0,72675.830337453,0.2542839026123811,0.009001380082046184,77924.00000000003
41,41,"((2941, 3935, 1408, 2617, 1417, 1605, 5925, 1560), (1, 1, 2, 2, 1, 2, 3, 2))",73729,81905.0,76361.10148078497,0.2599806100783095,0.008447038892207036,81905.0
42,42,"((956, 6857, 1708, 2235, 8536, 10846, 3249, 495), (1, 1, 2, 2, 1, 2, 3, 2))",89071,100967.5,93529.29283491027,0.28225279462558633,0.0064756976317255155,100967.5
43,43,"((3538, 4109, 1698, 1772, 1807, 1576, 1814, 2623), (1, 1, 2, 2, 1, 2, 3, 2))",58438,65186.5,60902.30115276492,0.2433681175666445,0.011261749166056809,65186.5
44,44,"((1449, 1268, 2019, 1743, 2282, 2653, 3322, 6666), (1, 1, 2, 2, 1, 2, 3, 2))",78408,86872.5,81187.79230948255,0.25024124223688793,0.007689740602228483,86872.50000000001
45,45,"((2085, 961, 666, 3465, 1838, 2030, 1737, 3196), (2, 2, 1, 1, 2, 2, 3, 1))",49746,55869.5,52096.912455639715,0.25023149406287204,0.01235373577282726,55869.49999999999
46,46,"((2889, 1509, 535, 769, 498, 392, 695, 3435), (1, 1, 2, 2, 1, 2, 3, 2))",27631,31494.5,29262.94326261737,0.27775890338648823,0.023340173334568358,31494.5
47,47,"((3666, 58007, 1936, 1943, 3336, 1511, 3429, 616), (1, 1, 2, 2, 1, 2, 3, 2))",115443,122444.5,117663.28644690175,0.2576469795867363,0.01001962729300902,122444.5
48,48,"((1572, 1467, 1178, 1829, 3693, 349, 2058, 3542), (1, 2, 1, 2, 1, 2, 2, 1))",39010,43717.0,40687.29509534096,0.25487085411023697,0.015817212387619874,43717.0
49,49,"((3274, 3275, 2501, 3030, 3281, 1787, 1627, 2202), (2, 1, 2, 2, 2, 2, 1, 2))",80118,88497.0,82432.05311708103,0.2422738115683309,0.00723499620716223,88497.00000000001
50,50,"((2274, 5771, 214, 685, 2460, 1464, 4476, 1566), (2, 2, 1, 1, 2, 1, 1, 2))",51987,58670.5,54606.907677101815,0.26529550923174583,0.01079741488805665,58670.50000000002
51,51,"((1017, 1841, 2738, 684, 7664, 1854, 1722, 2108), (2, 3, 2, 1, 2, 2, 1, 1))",62674,69434.5,65202.00465489728,0.2530550778271112,0.010672263580780977,69434.5
52,52,"((3493, 841, 1493, 1772, 1564, 2816, 1366, 6137), (1, 1, 2, 2, 1, 2, 3, 2))",61017,68390.0,63867.2983886516,0.2568191112251543,0.010580604952380123,68390.0
53,53,"((2799, 3071, 1300, 1263, 1456, 2675, 2548, 3659), (2, 3, 2, 1, 2, 2, 1, 1))",65152,72183.5,67317.83269031129,0.2517602770201103,0.008921546624669317,72183.5
54,54,"((1696, 3383, 3701, 264, 4643, 1785, 2053, 3571), (1, 1, 2, 2, 1, 2, 3, 2))",61766,69215.5,64494.341115164236,0.25676405329757856,0.009311042941706005,69215.50000000001
55,55,"((3569, 13360, 3706, 1843, 2765, 134, 891, 1963), (1, 1, 2, 2, 1, 2, 3, 2))",57819,63939.0,60235.96676960258,0.2572987395834945,0.01220094204186768,63939.0
56,56,"((2686, 1696, 2449, 4038, 551, 437, 6315, 5883), (1, 1, 2, 2, 1, 2, 3, 2))",85840,97221.5,89791.2794331034,0.2755125346458421,0.005177301742663889,97221.5
57,57,"((3177, 2585, 1899, 1545, 4472, 3497, 3584, 1475), (2, 3, 2, 1, 2, 2, 1, 1))",80670,89943.5,83902.31547886094,0.24723582632178195,0.007260050317784616,89943.5
58,58,"((1382, 533, 1522, 2328, 2313, 2164, 2140, 653), (1, 1, 2, 2, 1, 2, 3, 2))",45923,51304.5,47759.45194081006,0.2565316133039073,0.011715910245727608,51304.50000000002
59,59,"((3717, 757, 1592, 899, 1553, 1390, 1785, 3422), (1, 2, 3, 2, 1, 1, 1, 2))",42306,47257.5,44093.050610208134,0.2549974311475587,0.015540299202363604,47257.50000000001
60,60,"((1484, 3799, 3281, 2183, 1409, 1947, 1598, 3769), (2, 3, 2, 1, 2, 2, 1, 1))",67972,75917.0,70770.57131375988,0.2538661088875849,0.008557358896953143,75916.99999999997
61,61,"((2134, 4104, 3569, 13360, 3706, 1843, 2765, 134), (2, 3, 2, 1, 2, 2, 1, 1))",87083,96224.0,90008.93006935381,0.2577113207810772,0.006659685021842872,96224.0
62,62,"((2352, 3400, 1019, 1380, 2267, 3427, 3525, 3711), (2, 1, 2, 1, 3, 2, 2, 2))",78758,87556.0,81616.16046342655,0.24969624594249895,0.00722656634642586,87555.99999999999
63,63,"((3649, 3378, 1505, 1779, 3659, 3466, 1541, 1640), (2, 1, 3, 2, 1, 1, 1, 1))",55342,61361.5,57339.50546775312,0.2468772073398553,0.011891958257478274,61361.50000000001
64,64,"((2374, 3200, 147, 2394, 1768, 2080, 1791, 2095), (2, 3, 2, 1, 2, 2, 1, 1))",54497,61059.5,56559.145245982676,0.2604115303822792,0.009178914245635869,61059.5
65,65,"((7804, 3703, 2993, 3443, 3366, 952, 4983, 3228), (2, 3, 2, 1, 2, 2, 1, 1))",98175,109781.5,102327.08640199428,0.25349327310041897,0.006220233908573325,109781.50000000004
66,66,"((4228, 1008, 1242, 2352, 3400, 1019, 1380, 2267), (2, 3, 2, 1, 2, 2, 1, 1))",53411,59579.0,55455.44164186336,0.26207665043983336,0.010755152580880759,59578.99999999999
67,67,"((1876, 1520, 1465, 3335, 2532, 612, 4122, 866), (2, 3, 2, 1, 2, 2, 1, 1))",46394,52042.0,48635.94140010064,0.2514157371314837,0.014032066573673941,52042.0
68,68,"((3168, 2854, 3240, 3437, 1798, 1854, 3391, 243), (1, 1, 2, 1, 1, 1, 2, 3))",52880,58828.0,54587.32437473847,0.2539612400709045,0.010166848792461406,58828.0
69,69,"((1692, 3476, 1835, 3517, 2797, 1515, 1348, 1496), (2, 3, 2, 1, 2, 2, 1, 1))",65104,72288.0,67322.93415100567,0.25189909925127124,0.008758243858660962,72288.0
70,70,"((3701, 264, 4643, 1785, 2053, 3571, 2580, 1024), (2, 3, 2, 1, 2, 2, 1, 1))",63943,71949.0,66686.74681859251,0.2618289442300629,0.007540627387946697,71949.0
71,71,"((1806, 3531, 1354, 1377, 1756, 2893, 3675, 2387), (2, 3, 2, 1, 2, 2, 1, 1))",65950,73446.0,68456.63187147668,0.2524229745934496,0.008812545394600623,73446.0
72,72,"((3582, 1164, 5384, 3006, 3349, 1132, 2284, 2529), (2, 2, 1, 1, 3, 1, 1, 3))",70828,79333.5,74099.33644042414,0.25665176094772985,0.008387664352028864,79333.5
73,73,"((1021, 1714, 759, 2605, 270, 2489, 2155, 505), (2, 1, 1, 1, 2, 3, 1, 1))",29941,33785.0,31465.063803044344,0.2670272968029441,0.019854968936882992,33785.0
74,74,"((1879, 3583, 2397, 2566, 836, 1259, 1848, 3264), (2, 3, 2, 1, 2, 2, 1, 1))",58692,65680.0,61142.48241166539,0.2597916307555668,0.009639794088507668,65680.0
75,75,"((3687, 3337, 1403, 1630, 1804, 3488, 2739, 3352), (1, 1, 2, 2, 1, 2, 3, 2))",71648,80030.0,74628.87732053496,0.24919011253520865,0.008506592306691107,80030.00000000001
76,76,"((2108, 1837, 3530, 3674, 2888, 378, 658, 152), (1, 1, 1, 3, 3, 1, 2, 2))",45880,52128.0,48120.04905546272,0.28884265385184155,0.010267416833978414,52128.00000000001
77,77,"((1456, 2286, 1813, 2935, 3485, 3363, 1715, 1195), (2, 3, 2, 1, 2, 2, 1, 1))",65178,72931.5,67921.61881985911,0.24998466103263775,0.009032590189088792,72931.5
78,78,"((3885, 3582, 3140, 72, 3205, 2314, 2389, 3156), (2, 3, 2, 1, 2, 2, 1, 1))",80546,89883.5,83340.32208944227,0.25260638423597737,0.006364280539774418,89883.5
79,79,"((2022, 1942, 2704, 2975, 1929, 320, 1708, 1973), (1, 1, 2, 2, 1, 2, 3, 2))",51624,57595.0,53653.92696563581,0.2515768719054299,0.01082846801140668,57594.99999999999
80,80,"((3096, 2348, 146, 1408, 3560, 3538, 1129, 923), (1, 1, 2, 2, 1, 2, 3, 2))",41078,46331.0,43172.33218919584,0.2607168073348896,0.014900479159677503,46331.0
81,81,"((1423, 1516, 1475, 1818, 1958, 3220, 2864, 999), (1, 1, 2, 2, 1, 2, 3, 2))",56427,63044.0,58696.9790451467,0.2529463419899577,0.010069080131589884,63043.99999999999
82,82,"((2402, 3729, 1384, 2924, 3219, 628, 1006, 3198), (3, 1, 3, 1, 2, 1, 2, 1))",53684,60294.5,56254.12701502165,0.255234119053692,0.012119872220158407,60294.50000000002
83,83,"((3352, 11952, 3684, 3244, 3707, 3363, 1213, 2097), (2, 3, 2, 1, 2, 2, 1, 1))",128675,143297.5,133828.36141220573,0.2557045461041693,0.004579924811373557,143297.5
84,84,"((1252, 2134, 1899, 1755, 2008, 2325, 2836, 3455), (3, 2, 3, 1, 1, 1, 2, 2))",63531,70949.0,66242.24501898847,0.2459934300520268,0.00969948598628368,70949.0
85,85,"((1736, 928, 2184, 3444, 2320, 2693, 2136, 2031), (1, 2, 2, 2, 3, 1, 1, 2))",60260,67245.5,62745.12892917425,0.2478376992319544,0.009907158491870394,67245.5
86,86,"((3646, 3082, 205, 204, 348, 1493, 6047, 3156), (2, 3, 2, 1, 2, 2, 1, 1))",44825,50538.5,47054.67181825312,0.2793658528724708,0.01159964375506684,50538.5
87,87,"((1942, 3098, 1719, 13098, 3579, 1622, 2174, 1288), (2, 3, 2, 1, 2, 2, 1, 1))",77055,84660.0,79564.1700202357,0.2496748325015829,0.008726011593089968,84660.0
88,88,"((2799, 3071, 1300, 1263, 1456, 2675, 2548, 3659), (2, 3, 2, 1, 2, 2, 1, 1))",65152,72183.5,67317.83269031129,0.2517602770201103,0.008921546624669317,72183.5
89,89,"((14785, 1605, 2941, 3935, 1408, 2617, 1417, 1605), (1, 2, 1, 1, 1, 1, 1, 1))",52559,57346.0,54259.65811473875,0.24527544985383234,0.014934787877659738,57345.99999999999
90,90,"((1506, 1385, 3912, 2244, 2641, 2237, 516, 1080), (1, 2, 2, 1, 2, 2, 1, 1))",49398,55294.5,51460.13248284708,0.2558899318401306,0.010937486321971559,55294.5
91,91,"((2527, 2869, 1696, 3497, 3448, 3578, 1227, 2008), (2, 3, 2, 1, 2, 2, 1, 1))",76081,84890.5,79120.03470349012,0.24800719760202355,0.0075755773327093314,84890.5
92,92,"((863, 556, 1822, 1822, 935, 410, 1922, 3645), (2, 3, 2, 1, 2, 2, 1, 1))",29494,32894.0,30800.310220372707,0.2525509069242416,0.023950485382712047,32893.999999999985
93,93,"((1822, 1822, 935, 410, 1922, 3645, 3347, 1513), (1, 1, 2, 2, 1, 2, 3, 2))",52037,58367.0,54269.90672848775,0.2639126168583709,0.010310667192566618,58366.99999999999
94,94,"((1073, 1851, 4527, 4537, 1388, 3769, 2279, 3652), (2, 3, 2, 1, 2, 2, 1, 1))",68812,77478.5,72222.24740653447,0.2553155322892395,0.009000192035717064,77478.50000000001
95,95,"((1835, 3001, 1578, 1801, 2815, 3283, 769, 860), (1, 1, 1, 2, 2, 1, 2, 2))",41348,46207.5,43149.810708071294,0.2504354904458962,0.015318649439187338,46207.5
96,96,"((256, 586, 3614, 1696, 3383, 3701, 264, 4643), (1, 1, 2, 1, 2, 1, 2, 1))",41318,46981.0,43375.1091382427,0.2776608197661849,0.01109765442100096,46981.00000000002
97,97,"((918, 1902, 2712, 1640, 3601, 3599, 3597, 2211), (2, 3, 2, 1, 2, 2, 1, 1))",67268,75197.5,70130.34630011443,0.2520120723372224,0.008526210659504273,75197.5
98,98,"((1145, 2457, 13087, 4743, 1916, 3784, 4286, 3676), (1, 1, 2, 1, 3, 1, 1, 2))",94510,104801.5,98080.38013033038,0.2630140776308713,0.006650045115087718,104801.5
99,99,"((128, 1101, 3491, 3579, 2944, 108, 3202, 1808), (2, 3, 2, 1, 2, 2, 1, 1))",40884,46381.0,43005.498240792214,0.2702830431824325,0.011949825539396523,46381.00000000002
