,Unnamed: 0,Instance,DP,Random,QAOA_1,QAOA_beta,QAOA_gamma,QAOA_classical
0,0,"((786, 846, 1107, 1101, 2274, 1518, 1924, 1777, 3506, 1333, 1961, 589, 1571, 2369, 1609, 859, 1748, 1522, 2083, 4691, 2105, 914, 2903, 3228, 1690, 3456, 3138, 2521, 9263, 1677), (1, 1, 3, 1, 1, 1, 3, 2, 1, 1, 1, 1, 1, 1, 1, 1, 1, 1, 2, 1, 3, 1, 1, 1, 1, 1, 1, 3, 1, 1))",429063,448239.5,435023.7859745904,0.17282861003095554,0.0061850124051840965,448239.49999999953
1,1,"((841, 920, 995, 3895, 1145, 2457, 13087, 4743, 1916, 3784, 4286, 3676, 3918, 3662, 6919, 4940, 1844, 5473, 2276, 1876, 1520, 1465, 3335, 2532, 612, 4122, 866, 1238, 2616, 3579), (2, 2, 2, 2, 2, 1, 1, 1, 2, 1, 1, 1, 1, 2, 3, 1, 1, 1, 2, 3, 1, 1, 3, 3, 1, 3, 1, 3, 3, 1))",728164,763932.5,740282.2964932668,0.18240788174752348,0.003275922492430628,763932.5000000003
2,2,"((3493, 841, 1493, 1772, 1564, 2816, 1366, 6137, 3429, 3464, 8173, 1441, 1721, 1686, 2786, 2395, 2860, 2778, 3190, 1299, 2101, 3125, 2785, 1304, 2983, 3235, 1833, 1616, 1729, 219), (1, 1, 2, 2, 2, 1, 1, 1, 3, 1, 2, 1, 1, 2, 2, 1, 1, 2, 1, 1, 1, 2, 1, 3, 1, 2, 1, 1, 2, 1))",593159,619927.5,601363.9054835129,0.17463836875757355,0.004195104644966571,619927.4999999998
3,3,"((3242, 2658, 627, 3649, 3378, 1505, 1779, 3659, 3466, 1541, 1640, 3002, 17609, 698, 1649, 2039, 2625, 2374, 3200, 147, 2394, 1768, 2080, 1791, 2095, 539, 1621, 1902, 1551, 2794), (1, 1, 2, 3, 1, 1, 1, 2, 2, 2, 1, 1, 1, 1, 2, 1, 1, 1, 1, 2, 1, 3, 1, 1, 1, 1, 1, 2, 1, 1))",498718,520074.5,504953.6243056378,0.17280366947338094,0.0050244545369621035,520074.50000000006
4,4,"((3001, 1578, 1801, 2815, 3283, 769, 860, 1336, 3646, 3082, 205, 204, 348, 1493, 6047, 3156, 2692, 2607, 214, 3004, 3653, 6139, 142, 244, 1817, 1404, 256, 2696, 906, 295), (1, 1, 2, 1, 1, 1, 1, 1, 3, 1, 2, 1, 1, 1, 1, 2, 1, 1, 1, 1, 2, 2, 2, 1, 1, 1, 3, 2, 1, 1))",376054,396052.5,382190.39592612523,0.19350127855133653,0.004758216586761239,396052.49999999977
5,5,"((3589, 3087, 271, 1905, 3531, 1661, 2722, 2710, 2136, 2847, 1282, 1597, 3684, 3201, 2307, 1900, 3005, 3408, 1211, 1383, 2590, 2421, 468, 742, 1425, 2018, 1729, 1603, 3232, 3071), (1, 1, 2, 1, 1, 1, 1, 1, 3, 1, 2, 1, 1, 1, 1, 2, 1, 1, 1, 1, 2, 2, 2, 1, 1, 1, 3, 2, 1, 1))",465820,486146.0,471678.36059795937,0.16763751080127715,0.005734824007111386,486146.00000000023
6,6,"((1511, 2582, 2714, 2341, 974, 1051, 2072, 3325, 1800, 2282, 1812, 3226, 1432, 1399, 4342, 673, 907, 942, 2041, 1974, 1840, 3428, 3506, 1775, 891, 1118, 3567, 3390, 3056, 7604), (1, 1, 2, 3, 1, 1, 1, 2, 2, 2, 1, 1, 1, 1, 2, 1, 1, 1, 1, 2, 1, 3, 1, 1, 1, 1, 1, 2, 1, 1))",546829,570288.5,553382.2002151888,0.1756134782697611,0.00436163133610221,570288.5000000014
7,7,"((3274, 3275, 2501, 3030, 3281, 1787, 1627, 2202, 773, 3026, 2165, 2458, 1382, 533, 1522, 2328, 2313, 2164, 2140, 653, 3568, 1644, 2748, 1708, 2432, 2791, 7279, 3573, 990, 2053), (1, 1, 2, 1, 1, 1, 1, 1, 3, 1, 2, 1, 1, 1, 1, 2, 1, 1, 1, 1, 2, 2, 2, 1, 1, 1, 3, 2, 1, 1))",582620,608208.0,589649.511624771,0.17989711456180238,0.00395870737293942,608208.0000000012
8,8,"((5639, 1584, 2889, 1509, 535, 769, 498, 392, 695, 3435, 1587, 1577, 2345, 3589, 3275, 643, 1724, 4546, 2609, 3412, 3125, 2294, 1692, 3476, 1835, 3517, 2797, 1515, 1348, 1496), (1, 1, 2, 3, 1, 1, 1, 2, 2, 2, 1, 1, 1, 1, 2, 1, 1, 1, 1, 2, 1, 3, 1, 1, 1, 1, 1, 2, 1, 1))",460875,482265.0,467570.15049780393,0.17637588314481795,0.005155999042064214,482265.00000000023
9,9,"((410, 1922, 3645, 3347, 1513, 1602, 1923, 762, 2144, 815, 3309, 1957, 128, 1101, 3491, 3579, 2944, 108, 3202, 1808, 3523, 3212, 579, 1875, 1817, 2328, 3717, 3577, 4981, 2405), (1, 1, 2, 1, 1, 1, 1, 1, 3, 1, 2, 1, 1, 1, 1, 2, 1, 1, 1, 1, 2, 2, 2, 1, 1, 1, 3, 2, 1, 1))",534484,558464.0,540827.855714192,0.1808295709083436,0.0038598239118681475,558463.9999999999
10,10,"((3731, 239, 1713, 2740, 1568, 675, 1680, 1391, 1983, 1187, 1957, 1025, 941, 1098, 1794, 3542, 1456, 2286, 1813, 2935, 3485, 3363, 1715, 1195, 2690, 3242, 2658, 627, 3649, 3378), (1, 1, 2, 1, 1, 1, 1, 1, 3, 1, 2, 1, 1, 1, 1, 2, 1, 1, 1, 1, 2, 2, 2, 1, 1, 1, 3, 2, 1, 1))",471622,492751.5,477857.7867293586,0.17547961275910487,0.005079978507910588,492751.50000000064
11,11,"((1910, 451, 263, 1581, 2623, 1648, 2141, 3063, 3723, 2699, 1379, 1847, 4344, 633, 2095, 2954, 1867, 3540, 1074, 3734, 1466, 2245, 2200, 3016, 2575, 3559, 3999, 4240, 2646, 863), (1, 1, 1, 1, 3, 1, 1, 1, 1, 1, 2, 1, 1, 3, 1, 2, 3, 1, 2, 1, 2, 1, 1, 2, 1, 1, 1, 1, 3, 3))",501252,524830.5,508904.1866843684,0.17254281627165247,0.005156650255591219,524830.5000000012
12,12,"((1837, 3530, 3674, 2888, 378, 658, 152, 2657, 3018, 3043, 6335, 1676, 852, 1847, 1743, 8337, 5721, 852, 1236, 2309, 2679, 458, 1201, 2852, 2347, 2811, 839, 1364, 4450, 851), (1, 1, 2, 1, 1, 1, 1, 1, 3, 1, 2, 1, 1, 1, 1, 2, 1, 1, 1, 1, 2, 2, 2, 1, 1, 1, 3, 2, 1, 1))",485190,509948.0,493446.2368074068,0.1905236719995769,0.004192659696175629,509947.9999999986
13,13,"((2053, 1936, 1574, 3620, 2635, 2391, 3568, 1559, 3593, 2686, 1696, 2449, 4038, 551, 437, 6315, 5883, 2594, 3339, 2956, 2912, 4196, 897, 991, 1748, 1371, 1407, 2943, 3385, 1728), (1, 1, 2, 3, 1, 1, 1, 2, 2, 2, 1, 1, 1, 1, 2, 1, 1, 1, 1, 2, 1, 3, 1, 1, 1, 1, 1, 2, 1, 1))",579744,606008.0,587729.4436802301,0.1781703082312627,0.004017351532650143,606008.000000001
14,14,"((802, 2658, 2821, 3552, 1554, 1763, 3499, 3170, 129, 999, 1013, 1219, 1591, 2317, 1895, 242, 2130, 3478, 1847, 904, 1172, 1621, 1747, 2476, 3219, 1382, 866, 1574, 680, 1990), (1, 2, 1, 1, 1, 1, 2, 1, 1, 1, 1, 1, 2, 3, 1, 2, 2, 1, 1, 1, 1, 1, 2, 2, 3, 2, 2, 1, 3, 1))",437453,457675.5,443658.6368391653,0.17887195277285367,0.005159208347503474,457675.50000000023
15,15,"((3439, 840, 1386, 1764, 3673, 3719, 3162, 31226, 645, 1058, 2130, 829, 1496, 1248, 2692, 3695, 4095, 1919, 2284, 3013, 5343, 4339, 3281, 1198, 2326, 1657, 2636, 1679, 2782, 7973), (1, 1, 2, 3, 1, 1, 1, 2, 2, 2, 1, 1, 1, 1, 2, 1, 1, 1, 1, 2, 1, 3, 1, 1, 1, 1, 1, 2, 1, 1))",625166,656420.5,636810.9132793678,0.1872977608411411,0.00398689058124436,656420.500000001
16,16,"((3119, 1870, 3687, 3169, 797, 3343, 1522, 3057, 3386, 603, 2934, 2447, 1865, 2264, 4710, 227, 436, 815, 828, 971, 2921, 1754, 2465, 2332, 1147, 956, 6857, 1708, 2235, 8536), (1, 1, 2, 1, 1, 1, 1, 1, 3, 1, 2, 1, 1, 1, 1, 2, 1, 1, 1, 1, 2, 2, 2, 1, 1, 1, 3, 2, 1, 1))",528840,554532.0,536874.1256123355,0.18751457336085472,0.0039848638608860456,554532.0000000005
17,17,"((2583, 3258, 1751, 1911, 1273, 356, 1460, 612, 1158, 809, 1925, 840, 2257, 4170, 5685, 1196, 2771, 3165, 1672, 1244, 1677, 2037, 3438, 8154, 3573, 3417, 127, 3605, 918, 1902), (1, 1, 2, 1, 1, 1, 1, 1, 3, 1, 2, 1, 1, 1, 1, 2, 1, 1, 1, 1, 2, 2, 2, 1, 1, 1, 3, 2, 1, 1))",427445,447657.5,434005.329622931,0.1750999873025096,0.005783677784452335,447657.49999999977
18,18,"((1177, 2527, 1791, 10522, 3221, 3518, 3761, 3476, 3284, 2022, 1942, 2704, 2975, 1929, 320, 1708, 1973, 1714, 2676, 4036, 2128, 3610, 394, 1036, 695, 6209, 2345, 2314, 3547, 1206), (1, 3, 3, 1, 2, 1, 1, 1, 1, 2, 2, 1, 2, 2, 2, 1, 2, 3, 3, 3, 1, 1, 1, 1, 1, 1, 3, 1, 2, 1))",641405,671559.0,651153.9690489545,0.17576201330222113,0.0038130548983156256,671558.9999999992
19,19,"((2468, 1122, 3672, 2522, 1931, 3020, 3553, 2942, 1193, 1884, 2175, 3092, 576, 3367, 3567, 2781, 549, 1512, 1636, 1335, 3451, 1296, 2563, 760, 1613, 3643, 2964, 3544, 1644, 2807), (1, 1, 2, 3, 1, 1, 1, 2, 2, 2, 1, 1, 1, 1, 2, 1, 1, 1, 1, 2, 1, 3, 1, 1, 1, 1, 1, 2, 1, 1))",525837,548748.0,532504.2507094186,0.17185957437694366,0.0047393811790058075,548748.0
20,20,"((1616, 3704, 3106, 5857, 16969, 3568, 3568, 2341, 4223, 1218, 2432, 5579, 798, 2752, 1218, 1636, 3604, 1593, 2829, 1872, 15727, 1905, 2285, 2672, 1935, 1550, 2090, 3165, 2274, 5771), (1, 1, 1, 1, 2, 2, 1, 1, 1, 1, 2, 1, 1, 1, 1, 1, 2, 2, 2, 1, 3, 1, 2, 2, 1, 2, 2, 1, 1, 1))",797464,838463.0,811274.2299680458,0.20655862442427766,0.002507091380927211,838462.9999999999
21,21,"((3030, 3281, 1787, 1627, 2202, 773, 3026, 2165, 2458, 1382, 533, 1522, 2328, 2313, 2164, 2140, 653, 3568, 1644, 2748, 1708, 2432, 2791, 7279, 3573, 990, 2053, 1936, 1574, 3620), (2, 3, 1, 1, 2, 2, 1, 1, 1, 1, 1, 1, 1, 1, 3, 1, 1, 2, 2, 1, 1, 1, 3, 2, 2, 1, 1, 1, 1, 1))",583396,609390.0,591192.2110837393,0.1759328457840512,0.004059692385830726,609390.0000000015
22,22,"((934, 1095, 1399, 1671, 4538, 3276, 449, 1199, 2130, 129, 149, 104, 140, 1787, 2628, 831, 6673, 1996, 927, 1496, 2900, 1923, 1485, 3072, 5666, 2572, 7721, 1443, 3188, 3705), (1, 1, 2, 3, 1, 1, 1, 2, 2, 2, 1, 1, 1, 1, 2, 1, 1, 1, 1, 2, 1, 3, 1, 1, 1, 1, 1, 2, 1, 1))",374402,394405.5,381153.86975728354,0.18284551331229648,0.0062445814259841186,394405.49999999953
23,23,"((695, 3435, 1587, 1577, 2345, 3589, 3275, 643, 1724, 4546, 2609, 3412, 3125, 2294, 1692, 3476, 1835, 3517, 2797, 1515, 1348, 1496, 2134, 4104, 3569, 13360, 3706, 1843, 2765, 134), (1, 1, 1, 3, 1, 1, 1, 1, 1, 1, 1, 1, 2, 1, 1, 1, 1, 3, 1, 1, 1, 1, 2, 2, 2, 1, 1, 1, 2, 1))",564805,589007.0,571676.2376979545,0.17230319862488855,0.004379131604298175,589007.0000000007
24,24,"((1664, 851, 2237, 520, 1902, 3138, 1768, 3481, 4069, 2771, 3250, 842, 1258, 911, 1688, 3517, 4207, 3717, 757, 1592, 899, 1553, 1390, 1785, 3422, 4130, 1383, 2893, 4870, 1325), (1, 1, 2, 1, 1, 1, 1, 1, 3, 1, 2, 1, 1, 1, 1, 2, 1, 1, 1, 1, 2, 2, 2, 1, 1, 1, 3, 2, 1, 1))",493772,516533.5,500840.68491242436,0.17855275265909032,0.004821258578647045,516533.50000000076
25,25,"((2799, 3071, 1300, 1263, 1456, 2675, 2548, 3659, 3549, 3052, 2268, 1744, 3589, 3125, 395, 872, 2924, 447, 2098, 1813, 3462, 3820, 1898, 1764, 2527, 2869, 1696, 3497, 3448, 3578), (1, 1, 1, 1, 3, 2, 1, 1, 1, 1, 1, 2, 2, 1, 3, 3, 2, 1, 1, 1, 1, 1, 1, 1, 3, 3, 2, 1, 1, 1))",549281,573871.0,556788.4167631029,0.16999310677654222,0.004741088873555475,573871.0000000005
26,26,"((156, 194, 4616, 1738, 6792, 1590, 2359, 2085, 961, 666, 3465, 1838, 2030, 1737, 3196, 2888, 666, 4919, 802, 2658, 2821, 3552, 1554, 1763, 3499, 3170, 129, 999, 1013, 1219), (1, 1, 2, 1, 1, 1, 1, 1, 3, 1, 2, 1, 1, 1, 1, 2, 1, 1, 1, 1, 2, 2, 2, 1, 1, 1, 3, 2, 1, 1))",426822,447327.0,433212.85735652695,0.1819105310521967,0.004971449631744465,447326.99999999994
27,27,"((2694, 5470, 1806, 3531, 1354, 1377, 1756, 2893, 3675, 2387, 1605, 1921, 2663, 3468, 4209, 296, 3354, 3430, 737, 753, 2350, 1947, 1503, 2437, 2727, 3024, 3300, 497, 917, 906), (1, 1, 2, 3, 1, 1, 1, 2, 2, 2, 1, 1, 1, 1, 2, 1, 1, 1, 1, 2, 1, 3, 1, 1, 1, 1, 1, 2, 1, 1))",505673,528351.0,512370.2144740766,0.17617942304377568,0.004647795449751732,528351.0000000002
28,28,"((3583, 2397, 2566, 836, 1259, 1848, 3264, 1607, 577, 2440, 3384, 2616, 3666, 58007, 1936, 1943, 3336, 1511, 3429, 616, 3143, 1953, 1831, 938, 1988, 1744, 1506, 1385, 3912, 2244), (1, 2, 3, 1, 1, 1, 1, 2, 1, 1, 2, 1, 1, 2, 1, 1, 2, 1, 1, 1, 2, 1, 1, 1, 1, 2, 2, 2, 1, 1))",650497,675409.0,658041.3766962296,0.17581769183386095,0.0044557309850476855,675408.9999999999
29,29,"((2533, 896, 1668, 2645, 2731, 1252, 2134, 1899, 1755, 2008, 2325, 2836, 3455, 194, 1294, 3713, 1017, 1841, 2738, 684, 7664, 1854, 1722, 2108, 1837, 3530, 3674, 2888, 378, 658), (3, 1, 1, 1, 1, 1, 1, 1, 1, 1, 2, 1, 1, 2, 1, 1, 2, 1, 1, 2, 1, 1, 1, 1, 1, 1, 1, 2, 1, 2))",410939,428815.5,416213.7864449164,0.16926091816988553,0.006194449849767443,428815.5000000002
30,30,"((896, 1668, 2645, 2731, 1252, 2134, 1899, 1755, 2008, 2325, 2836, 3455, 194, 1294, 3713, 1017, 1841, 2738, 684, 7664, 1854, 1722, 2108, 1837, 3530, 3674, 2888, 378, 658, 152), (1, 1, 2, 3, 1, 1, 1, 2, 2, 2, 1, 1, 1, 1, 2, 1, 1, 1, 1, 2, 1, 3, 1, 1, 1, 1, 1, 2, 1, 1))",458925,481337.5,466107.99782327365,0.18105541255304688,0.004900701149015603,481337.50000000006
31,31,"((712, 2059, 3419, 2767, 3352, 998, 1103, 3526, 1356, 2687, 3581, 3119, 6814, 1741, 2959, 2992, 3184, 2594, 3773, 2055, 1853, 890, 1642, 2595, 2159, 3674, 3499, 7064, 2688, 1742), (1, 1, 2, 3, 1, 1, 1, 2, 2, 2, 1, 1, 1, 1, 2, 1, 1, 1, 1, 2, 1, 3, 1, 1, 1, 1, 1, 2, 1, 1))",616027,642502.0,623552.5336643115,0.17229059363397525,0.004091911448673775,642501.9999999995
32,32,"((442, 7223, 2375, 3798, 3448, 3531, 1699, 4175, 94, 171, 864, 1741, 1882, 742, 2049, 2367, 2710, 1401, 1800, 2333, 1736, 928, 2184, 3444, 2320, 2693, 2136, 2031, 1850, 2628), (1, 1, 1, 3, 2, 1, 1, 1, 2, 1, 1, 1, 1, 1, 2, 1, 1, 3, 2, 1, 1, 1, 3, 2, 1, 1, 3, 1, 1, 1))",484208,506424.5,490867.04622256546,0.17710465066950667,0.004818722825800497,506424.5000000007
33,33,"((1577, 2345, 3589, 3275, 643, 1724, 4546, 2609, 3412, 3125, 2294, 1692, 3476, 1835, 3517, 2797, 1515, 1348, 1496, 2134, 4104, 3569, 13360, 3706, 1843, 2765, 134, 891, 1963, 3587), (1, 1, 2, 1, 1, 1, 1, 1, 3, 1, 2, 1, 1, 1, 1, 2, 1, 1, 1, 1, 2, 2, 2, 1, 1, 1, 3, 2, 1, 1))",618297,645824.5,626472.3030002187,0.17654839957771812,0.003831216210461542,645824.500000001
34,34,"((3568, 3568, 2341, 4223, 1218, 2432, 5579, 798, 2752, 1218, 1636, 3604, 1593, 2829, 1872, 15727, 1905, 2285, 2672, 1935, 1550, 2090, 3165, 2274, 5771, 214, 685, 2460, 1464, 4476), (1, 1, 2, 1, 1, 1, 1, 1, 3, 1, 2, 1, 1, 1, 1, 2, 1, 1, 1, 1, 2, 2, 2, 1, 1, 1, 3, 2, 1, 1))",570111,598053.5,579642.0025951365,0.18185996503041665,0.00431140076631842,598053.4999999995
35,35,"((315, 3588, 3110, 2482, 2125, 2686, 1227, 985, 2210, 650, 3466, 3493, 3643, 554, 700, 1942, 3098, 1719, 13098, 3579, 1622, 2174, 1288, 1842, 2231, 19538, 2310, 1358, 3589, 3087), (1, 1, 2, 3, 1, 1, 1, 2, 2, 2, 1, 1, 1, 1, 2, 1, 1, 1, 1, 2, 1, 3, 1, 1, 1, 1, 1, 2, 1, 1))",506066,532539.5,515954.54048888147,0.17940092555122,0.0051501013823753074,532539.5
36,36,"((664, 1542, 2271, 2694, 3112, 2907, 3462, 4005, 1098, 1700, 3416, 2304, 2362, 1755, 3417, 3280, 795, 858, 2965, 3285, 1755, 1797, 3511, 2068, 2523, 3247, 3267, 2220, 2467, 753), (1, 1, 2, 1, 1, 1, 1, 1, 3, 1, 2, 1, 1, 1, 1, 2, 1, 1, 1, 1, 2, 2, 2, 1, 1, 1, 3, 2, 1, 1))",554793,578390.0,561381.1782334491,0.170753080619441,0.004542808695398152,578390.0000000005
37,37,"((2219, 3047, 3125, 4598, 2259, 1451, 1773, 1966, 3899, 1484, 3799, 3281, 2183, 1409, 1947, 1598, 3769, 3346, 777, 3123, 10637, 732, 732, 3845, 3274, 3275, 2501, 3030, 3281, 1787), (1, 1, 2, 3, 1, 1, 1, 2, 2, 2, 1, 1, 1, 1, 2, 1, 1, 1, 1, 2, 1, 3, 1, 1, 1, 1, 1, 2, 1, 1))",608284,633999.5,615356.5715038995,0.1739992521866626,0.004055365447990642,633999.5000000005
38,38,"((658, 152, 2657, 3018, 3043, 6335, 1676, 852, 1847, 1743, 8337, 5721, 852, 1236, 2309, 2679, 458, 1201, 2852, 2347, 2811, 839, 1364, 4450, 851, 2152, 2980, 374, 1205, 3270), (2, 3, 2, 2, 3, 1, 3, 1, 1, 3, 1, 1, 1, 1, 1, 1, 2, 2, 1, 1, 1, 1, 1, 1, 1, 3, 2, 3, 1, 2))",470313,494134.5,478454.041248166,0.1818210132745343,0.005000013931841768,494134.49999999866
39,39,"((3254, 542, 3278, 2770, 1645, 2272, 412, 3905, 1234, 3568, 3253, 1493, 1402, 1852, 2866, 3523, 3237, 605, 247, 3625, 2719, 3058, 2912, 3200, 2239, 3546, 3597, 893, 866, 2050), (1, 1, 2, 3, 1, 1, 1, 2, 2, 2, 1, 1, 1, 1, 2, 1, 1, 1, 1, 2, 1, 3, 1, 1, 1, 1, 1, 2, 1, 1))",538020,562423.5,545065.4217177894,0.17723845052793274,0.004188456322592665,562423.4999999994
40,40,"((2455, 872, 956, 1484, 3673, 1269, 1739, 3718, 2418, 2950, 1185, 1239, 1222, 1289, 1535, 1573, 3410, 3245, 2581, 3677, 439, 1065, 1983, 2291, 3022, 2210, 3448, 1797, 40012, 3185), (1, 1, 2, 1, 1, 1, 1, 1, 3, 1, 2, 1, 1, 1, 1, 2, 1, 1, 1, 1, 2, 2, 2, 1, 1, 1, 3, 2, 1, 1))",500702,521558.0,506957.3012117786,0.17255792730765446,0.005629149427993586,521557.9999999997
41,41,"((3773, 2055, 1853, 890, 1642, 2595, 2159, 3674, 3499, 7064, 2688, 1742, 1359, 424, 1501, 1734, 1323, 3639, 2897, 3335, 2335, 3106, 1150, 1913, 1973, 2051, 3134, 829, 1910, 3657), (1, 1, 2, 1, 1, 1, 1, 1, 3, 1, 2, 1, 1, 1, 1, 2, 1, 1, 1, 1, 2, 2, 2, 1, 1, 1, 3, 2, 1, 1))",532580,555664.5,539248.2588188879,0.1742493415230842,0.004659297977557693,555664.4999999993
42,42,"((1902, 1551, 2794, 3523, 1848, 2093, 2906, 1493, 3377, 3139, 1756, 1258, 1863, 1829, 3444, 3245, 3209, 3368, 3498, 3168, 2854, 3240, 3437, 1798, 1854, 3391, 243, 324, 1444, 1621), (1, 1, 2, 1, 1, 1, 1, 1, 3, 1, 2, 1, 1, 1, 1, 2, 1, 1, 1, 1, 2, 2, 2, 1, 1, 1, 3, 2, 1, 1))",557299,580577.5,563316.8050518206,0.17121948944264226,0.004360070939139355,580577.4999999995
43,43,"((1773, 1966, 3899, 1484, 3799, 3281, 2183, 1409, 1947, 1598, 3769, 3346, 777, 3123, 10637, 732, 732, 3845, 3274, 3275, 2501, 3030, 3281, 1787, 1627, 2202, 773, 3026, 2165, 2458), (1, 1, 2, 3, 1, 1, 1, 2, 2, 2, 1, 1, 1, 1, 2, 1, 1, 1, 1, 2, 1, 3, 1, 1, 1, 1, 1, 2, 1, 1))",588074,614432.0,596093.6030239881,0.17539270870859022,0.004217032362231946,614432.0
44,44,"((4320, 3007, 1627, 1642, 1852, 2799, 3071, 1300, 1263, 1456, 2675, 2548, 3659, 3549, 3052, 2268, 1744, 3589, 3125, 395, 872, 2924, 447, 2098, 1813, 3462, 3820, 1898, 1764, 2527), (1, 1, 2, 1, 1, 1, 1, 1, 3, 1, 2, 1, 1, 1, 1, 2, 1, 1, 1, 1, 2, 2, 2, 1, 1, 1, 3, 2, 1, 1))",511827,534357.5,518529.2751744879,0.17092893285038907,0.004991844330155107,534357.5000000005
45,45,"((3292, 1525, 3091, 2691, 3971, 5132, 625, 1678, 1171, 2688, 3443, 836, 860, 2697, 3562, 3396, 1599, 1877, 3587, 6937, 917, 1587, 3550, 4787, 854, 2630, 3350, 957, 1297, 2086), (1, 1, 2, 3, 1, 1, 1, 2, 2, 2, 1, 1, 1, 1, 2, 1, 1, 1, 1, 2, 1, 3, 1, 1, 1, 1, 1, 2, 1, 1))",542166,567554.0,550065.2604537368,0.17813286061711384,0.004477569849944654,567553.9999999997
46,46,"((58007, 1936, 1943, 3336, 1511, 3429, 616, 3143, 1953, 1831, 938, 1988, 1744, 1506, 1385, 3912, 2244, 2641, 2237, 516, 1080, 1521, 2402, 3729, 1384, 2924, 3219, 628, 1006, 3198), (1, 1, 2, 1, 1, 1, 1, 1, 3, 1, 2, 1, 1, 1, 1, 2, 1, 1, 1, 1, 2, 2, 2, 1, 1, 1, 3, 2, 1, 1))",516983,537986.0,523541.6058874565,0.17310852164721327,0.005465003208338315,537985.9999999992
47,47,"((1905, 1423, 1516, 1475, 1818, 1958, 3220, 2864, 999, 1397, 3285, 3362, 1743, 1703, 3456, 4118, 2672, 3885, 3582, 3140, 72, 3205, 2314, 2389, 3156, 1143, 1596, 842, 1182, 1777), (1, 1, 2, 3, 1, 1, 1, 2, 2, 2, 1, 1, 1, 1, 2, 1, 1, 1, 1, 2, 1, 3, 1, 1, 1, 1, 1, 2, 1, 1))",492177,514206.5,498943.35062185745,0.17130992135440742,0.005129094285239522,514206.49999999936
48,48,"((700, 1942, 3098, 1719, 13098, 3579, 1622, 2174, 1288, 1842, 2231, 19538, 2310, 1358, 3589, 3087, 271, 1905, 3531, 1661, 2722, 2710, 2136, 2847, 1282, 1597, 3684, 3201, 2307, 1900), (1, 1, 2, 3, 1, 1, 1, 2, 2, 2, 1, 1, 1, 1, 2, 1, 1, 1, 1, 2, 1, 3, 1, 1, 1, 1, 1, 2, 1, 1))",559730,587536.0,569784.7847670387,0.17468078468827106,0.004813977944926214,587535.9999999997
49,49,"((4175, 94, 171, 864, 1741, 1882, 742, 2049, 2367, 2710, 1401, 1800, 2333, 1736, 928, 2184, 3444, 2320, 2693, 2136, 2031, 1850, 2628, 750, 1798, 1663, 3232, 3036, 969, 1950), (1, 1, 2, 1, 1, 1, 1, 1, 3, 1, 2, 1, 1, 1, 1, 2, 1, 1, 1, 1, 2, 2, 2, 1, 1, 1, 3, 2, 1, 1))",444166,464133.0,449994.018479162,0.17598781699101218,0.005193087298932293,464133.00000000023
50,50,"((1882, 742, 2049, 2367, 2710, 1401, 1800, 2333, 1736, 928, 2184, 3444, 2320, 2693, 2136, 2031, 1850, 2628, 750, 1798, 1663, 3232, 3036, 969, 1950, 1357, 825, 3173, 630, 1798), (1, 1, 2, 3, 1, 1, 1, 2, 2, 2, 1, 1, 1, 1, 2, 1, 1, 1, 1, 2, 1, 3, 1, 1, 1, 1, 1, 2, 1, 1))",475841,496055.5,481419.34349886025,0.17367496967132753,0.0051266076061715175,496055.50000000134
51,51,"((852, 1847, 1743, 8337, 5721, 852, 1236, 2309, 2679, 458, 1201, 2852, 2347, 2811, 839, 1364, 4450, 851, 2152, 2980, 374, 1205, 3270, 3661, 3408, 739, 2143, 3415, 4812, 3569), (1, 1, 2, 3, 1, 1, 1, 2, 2, 2, 1, 1, 1, 1, 2, 1, 1, 1, 1, 2, 1, 3, 1, 1, 1, 1, 1, 2, 1, 1))",513862,539510.5,522130.1578772693,0.1882813640049173,0.0042920934361629385,539510.4999999988
52,52,"((1848, 2093, 2906, 1493, 3377, 3139, 1756, 1258, 1863, 1829, 3444, 3245, 3209, 3368, 3498, 3168, 2854, 3240, 3437, 1798, 1854, 3391, 243, 324, 1444, 1621, 904, 1403, 1943, 1698), (1, 1, 2, 3, 1, 1, 1, 2, 2, 2, 1, 1, 1, 1, 2, 1, 1, 1, 1, 2, 1, 3, 1, 1, 1, 1, 1, 2, 1, 1))",502667,524672.0,508923.1206191792,0.17079720760837838,0.005089274282036379,524672.000000001
53,53,"((753, 3286, 2324, 2643, 14242, 1206, 2082, 792, 1728, 2533, 896, 1668, 2645, 2731, 1252, 2134, 1899, 1755, 2008, 2325, 2836, 3455, 194, 1294, 3713, 1017, 1841, 2738, 684, 7664), (1, 1, 2, 3, 1, 1, 1, 2, 2, 2, 1, 1, 1, 1, 2, 1, 1, 1, 1, 2, 1, 3, 1, 1, 1, 1, 1, 2, 1, 1))",489112,512219.5,496774.5496202678,0.1782271076378813,0.004970864546810186,512219.49999999953
54,54,"((1132, 2284, 2529, 3600, 1504, 958, 1718, 1731, 78, 255, 863, 556, 1822, 1822, 935, 410, 1922, 3645, 3347, 1513, 1602, 1923, 762, 2144, 815, 3309, 1957, 128, 1101, 3491), (1, 1, 2, 1, 1, 1, 1, 1, 3, 1, 2, 1, 1, 1, 1, 2, 1, 1, 1, 1, 2, 2, 2, 1, 1, 1, 3, 2, 1, 1))",307416,322131.0,312029.73225489765,0.17629338733569552,0.007696000727207963,322131.00000000035
55,55,"((2548, 2926, 3514, 1538, 3660, 691, 510, 1729, 1948, 2256, 213, 1552, 1245, 2002, 3308, 3131, 14785, 1605, 2941, 3935, 1408, 2617, 1417, 1605, 5925, 1560, 3009, 3558, 1910, 3469), (3, 1, 1, 3, 1, 3, 2, 1, 1, 3, 1, 1, 3, 2, 1, 1, 1, 1, 1, 1, 1, 1, 2, 1, 2, 3, 2, 1, 3, 1))",555875,581917.0,564087.0028969322,0.17573076537990145,0.004738210060188869,581916.9999999986
56,56,"((2209, 1520, 1583, 3601, 3701, 3130, 5061, 136, 1658, 1325, 2152, 829, 3197, 1006, 480, 1572, 1467, 1178, 1829, 3693, 349, 2058, 3542, 3356, 3102, 3084, 3054, 1972, 1696, 35177), (1, 1, 2, 1, 1, 1, 1, 1, 3, 1, 2, 1, 1, 1, 1, 2, 1, 1, 1, 1, 2, 2, 2, 1, 1, 1, 3, 2, 1, 1))",496963,519001.5,503833.9013562104,0.17458775072965366,0.005320333829920901,519001.49999999953
57,57,"((3245, 2581, 3677, 439, 1065, 1983, 2291, 3022, 2210, 3448, 1797, 40012, 3185, 1430, 2364, 701, 995, 1590, 852, 1123, 3536, 1806, 974, 1414, 1264, 2154, 2402, 2495, 3527, 3437), (1, 1, 2, 1, 1, 1, 1, 1, 3, 1, 2, 1, 1, 1, 1, 2, 1, 1, 1, 1, 2, 2, 2, 1, 1, 1, 3, 2, 1, 1))",517249,538729.5,523686.1513370689,0.17301943088364705,0.00521897577015718,538729.4999999993
58,58,"((3384, 2616, 3666, 58007, 1936, 1943, 3336, 1511, 3429, 616, 3143, 1953, 1831, 938, 1988, 1744, 1506, 1385, 3912, 2244, 2641, 2237, 516, 1080, 1521, 2402, 3729, 1384, 2924, 3219), (1, 1, 2, 3, 1, 1, 1, 2, 2, 2, 1, 1, 1, 1, 2, 1, 1, 1, 1, 2, 1, 3, 1, 1, 1, 1, 1, 2, 1, 1))",719684,748604.0,729289.2563538706,0.18660159539317192,0.0040555025615359175,748604.0
59,59,"((3088, 789, 1356, 2219, 1978, 1861, 3432, 2925, 3346, 1917, 1904, 1554, 1756, 4933, 1984, 2911, 1281, 2612, 1260, 3724, 2439, 1296, 3389, 2155, 3422, 3561, 1259, 4714, 1172, 2427), (1, 1, 2, 3, 1, 1, 1, 2, 2, 2, 1, 1, 1, 1, 2, 1, 1, 1, 1, 2, 1, 3, 1, 1, 1, 1, 1, 2, 1, 1))",560208,583684.0,566793.0648494401,0.1697952432396624,0.004607688418334203,583683.9999999999
60,60,"((1449, 1268, 2019, 1743, 2282, 2653, 3322, 6666, 2894, 3119, 1870, 3687, 3169, 797, 3343, 1522, 3057, 3386, 603, 2934, 2447, 1865, 2264, 4710, 227, 436, 815, 828, 971, 2921), (1, 1, 2, 1, 1, 1, 1, 1, 3, 1, 2, 1, 1, 1, 1, 2, 1, 1, 1, 1, 2, 2, 2, 1, 1, 1, 3, 2, 1, 1))",455699,476876.5,462145.31759682257,0.1740653055482124,0.005528770601913182,476876.50000000006
61,61,"((1242, 315, 3588, 3110, 2482, 2125, 2686, 1227, 985, 2210, 650, 3466, 3493, 3643, 554, 700, 1942, 3098, 1719, 13098, 3579, 1622, 2174, 1288, 1842, 2231, 19538, 2310, 1358, 3589), (1, 1, 2, 3, 1, 1, 1, 2, 2, 2, 1, 1, 1, 1, 2, 1, 1, 1, 1, 2, 1, 3, 1, 1, 1, 1, 1, 2, 1, 1))",528435,555030.5,538040.2391137094,0.18470661790697315,0.004572157881020693,555030.4999999998
62,62,"((7804, 3703, 2993, 3443, 3366, 952, 4983, 3228, 1976, 3057, 2979, 1648, 496, 2378, 3417, 3595, 2426, 2229, 1704, 3297, 1815, 986, 3001, 1773, 1833, 1854, 1995, 4172, 479, 2425), (1, 1, 2, 3, 1, 1, 1, 2, 2, 2, 1, 1, 1, 1, 2, 1, 1, 1, 1, 2, 1, 3, 1, 1, 1, 1, 1, 2, 1, 1))",611191,637205.0,618475.8624841245,0.17238417360736186,0.003945192385913992,637204.9999999995
63,63,"((4303, 1439, 1001, 2080, 3194, 3135, 1207, 1379, 3118, 3230, 1718, 1845, 1658, 3284, 3657, 619, 2428, 2386, 3403, 1119, 1514, 1677, 1685, 2604, 1085, 3410, 1432, 3218, 850, 2016), (1, 1, 2, 3, 1, 1, 1, 2, 2, 2, 1, 1, 1, 1, 2, 1, 1, 1, 1, 2, 1, 3, 1, 1, 1, 1, 1, 2, 1, 1))",498635,520323.5,504971.0150041741,0.17213457598840862,0.005079507541893811,520323.5
64,64,"((1833, 1616, 1729, 219, 1790, 1879, 1974, 620, 1910, 451, 263, 1581, 2623, 1648, 2141, 3063, 3723, 2699, 1379, 1847, 4344, 633, 2095, 2954, 1867, 3540, 1074, 3734, 1466, 2245), (1, 1, 2, 1, 1, 1, 1, 1, 3, 1, 2, 1, 1, 1, 1, 2, 1, 1, 1, 1, 2, 2, 2, 1, 1, 1, 3, 2, 1, 1))",430432,449716.5,436077.66551544814,0.1755452416202463,0.005396716460834467,449716.500000001
65,65,"((1017, 1841, 2738, 684, 7664, 1854, 1722, 2108, 1837, 3530, 3674, 2888, 378, 658, 152, 2657, 3018, 3043, 6335, 1676, 852, 1847, 1743, 8337, 5721, 852, 1236, 2309, 2679, 458), (1, 1, 2, 3, 1, 1, 1, 2, 2, 2, 1, 1, 1, 1, 2, 1, 1, 1, 1, 2, 1, 3, 1, 1, 1, 1, 1, 2, 1, 1))",438686,461204.5,446531.6916369504,0.18013869560761975,0.005503862900494447,461204.49999999936
66,66,"((58007, 1936, 1943, 3336, 1511, 3429, 616, 3143, 1953, 1831, 938, 1988, 1744, 1506, 1385, 3912, 2244, 2641, 2237, 516, 1080, 1521, 2402, 3729, 1384, 2924, 3219, 628, 1006, 3198), (1, 1, 2, 1, 1, 1, 1, 1, 3, 1, 2, 1, 1, 1, 1, 2, 1, 1, 1, 1, 2, 2, 2, 1, 1, 1, 3, 2, 1, 1))",516983,537986.0,523541.6058874565,0.17310852164721327,0.005465003208338315,537985.9999999992
67,67,"((3056, 7604, 1842, 1960, 603, 1422, 4178, 3482, 4216, 1598, 4196, 833, 756, 1057, 2019, 2961, 1208, 4275, 2120, 2303, 2385, 641, 447, 1489, 1819, 1611, 1789, 2651, 1259, 1626), (1, 1, 2, 3, 1, 1, 1, 2, 2, 2, 1, 1, 1, 1, 2, 1, 1, 1, 1, 2, 1, 3, 1, 1, 1, 1, 1, 2, 1, 1))",463567,484604.5,470137.65369809075,0.17436363576613625,0.00534701280666205,484604.5000000004
68,68,"((2679, 458, 1201, 2852, 2347, 2811, 839, 1364, 4450, 851, 2152, 2980, 374, 1205, 3270, 3661, 3408, 739, 2143, 3415, 4812, 3569, 1373, 1893, 1905, 1423, 1516, 1475, 1818, 1958), (1, 1, 2, 1, 1, 1, 1, 1, 3, 1, 2, 1, 1, 1, 1, 2, 1, 1, 1, 1, 2, 2, 2, 1, 1, 1, 3, 2, 1, 1))",502565,525591.0,509438.6243018453,0.18164814950881053,0.004431158351698729,525591.0000000005
69,69,"((2906, 1493, 3377, 3139, 1756, 1258, 1863, 1829, 3444, 3245, 3209, 3368, 3498, 3168, 2854, 3240, 3437, 1798, 1854, 3391, 243, 324, 1444, 1621, 904, 1403, 1943, 1698, 811, 2233), (1, 1, 2, 3, 1, 1, 1, 2, 2, 2, 1, 1, 1, 1, 2, 1, 1, 1, 1, 2, 1, 3, 1, 1, 1, 1, 1, 2, 1, 1))",525950,548380.5,531816.2535852076,0.17480057863404544,0.0044106531252695895,548380.5000000009
70,70,"((1242, 2352, 3400, 1019, 1380, 2267, 3427, 3525, 3711, 1206, 1750, 1450, 2768, 841, 920, 995, 3895, 1145, 2457, 13087, 4743, 1916, 3784, 4286, 3676, 3918, 3662, 6919, 4940, 1844), (1, 1, 2, 1, 1, 1, 1, 1, 3, 1, 2, 1, 1, 1, 1, 2, 1, 1, 1, 1, 2, 2, 2, 1, 1, 1, 3, 2, 1, 1))",654565,684444.0,663666.0282604154,0.17971821210770214,0.0035827437119736686,684443.9999999998
71,71,"((2688, 4609, 383, 2231, 801, 1053, 4320, 3007, 1627, 1642, 1852, 2799, 3071, 1300, 1263, 1456, 2675, 2548, 3659, 3549, 3052, 2268, 1744, 3589, 3125, 395, 872, 2924, 447, 2098), (1, 1, 2, 3, 1, 1, 1, 2, 2, 2, 1, 1, 1, 1, 2, 1, 1, 1, 1, 2, 1, 3, 1, 1, 1, 1, 1, 2, 1, 1))",473070,495041.0,479902.170589945,0.17369486948088764,0.0052404886445654,495040.99999999977
72,72,"((2562, 3573, 1284, 3854, 1932, 178, 1924, 4020, 1511, 2582, 2714, 2341, 974, 1051, 2072, 3325, 1800, 2282, 1812, 3226, 1432, 1399, 4342, 673, 907, 942, 2041, 1974, 1840, 3428), (1, 1, 2, 3, 1, 1, 1, 2, 2, 2, 1, 1, 1, 1, 2, 1, 1, 1, 1, 2, 1, 3, 1, 1, 1, 1, 1, 2, 1, 1))",491731,513476.0,498081.2288131314,0.17583855116911604,0.004842700848983493,513476.0000000014
73,73,"((3009, 8705, 131, 2447, 648, 3371, 1365, 3501, 1626, 2142, 10704, 6542, 2694, 5470, 1806, 3531, 1354, 1377, 1756, 2893, 3675, 2387, 1605, 1921, 2663, 3468, 4209, 296, 3354, 3430), (1, 1, 2, 3, 1, 1, 1, 2, 2, 2, 1, 1, 1, 1, 2, 1, 1, 1, 1, 2, 1, 3, 1, 1, 1, 1, 1, 2, 1, 1))",551667,578582.5,560684.0181515331,0.17379611033466294,0.004681666582250627,578582.4999999993
74,74,"((1784, 3651, 3966, 3349, 1136, 3637, 3242, 3547, 1688, 2648, 2067, 1067, 1804, 1861, 1986, 3687, 3337, 1403, 1630, 1804, 3488, 2739, 3352, 11952, 3684, 3244, 3707, 3363, 1213, 2097), (1, 1, 2, 3, 1, 1, 1, 2, 2, 2, 1, 1, 1, 1, 2, 1, 1, 1, 1, 2, 1, 3, 1, 1, 1, 1, 1, 2, 1, 1))",650139,676944.0,657330.2392297562,0.16925027273742438,0.004080882746659533,676944.0000000002
75,75,"((3071, 824, 3451, 3496, 229, 518, 805, 1019, 1836, 1279, 2358, 2966, 3643, 335, 1839, 2479, 3365, 3077, 4535, 5194, 1242, 1290, 3492, 3456, 3489, 3243, 554, 3187, 3305, 1401), (1, 1, 2, 1, 1, 1, 1, 1, 3, 1, 2, 1, 1, 1, 1, 2, 1, 1, 1, 1, 2, 2, 2, 1, 1, 1, 3, 2, 1, 1))",473727,496369.0,480901.6660412666,0.17542824599570928,0.005010531262181339,496368.99999999936
76,76,"((1899, 1755, 2008, 2325, 2836, 3455, 194, 1294, 3713, 1017, 1841, 2738, 684, 7664, 1854, 1722, 2108, 1837, 3530, 3674, 2888, 378, 658, 152, 2657, 3018, 3043, 6335, 1676, 852), (1, 3, 1, 1, 1, 1, 2, 1, 3, 2, 1, 1, 1, 1, 3, 1, 1, 1, 2, 1, 1, 1, 1, 1, 1, 1, 1, 1, 1, 2))",431934,453097.5,439031.0329366636,0.17664570651490918,0.005562809587390391,453097.49999999884
77,77,"((3106, 3123, 5035, 3628, 2445, 1014, 1405, 3663, 3554, 3106, 2402, 730, 2209, 1520, 1583, 3601, 3701, 3130, 5061, 136, 1658, 1325, 2152, 829, 3197, 1006, 480, 1572, 1467, 1178), (1, 1, 2, 3, 1, 1, 1, 2, 2, 2, 1, 1, 1, 1, 2, 1, 1, 1, 1, 2, 1, 3, 1, 1, 1, 1, 1, 2, 1, 1))",505324,528508.5,512245.3119305405,0.17971659170586127,0.004435210816694408,528508.4999999995
78,78,"((1702, 4059, 1713, 733, 1188, 1300, 3243, 710, 981, 5540, 1543, 1971, 3566, 3019, 988, 3451, 1807, 3035, 2989, 1341, 1639, 1930, 882, 243, 929, 483, 819, 3597, 1172, 1037), (1, 1, 2, 1, 1, 1, 1, 1, 3, 1, 2, 1, 1, 1, 1, 2, 1, 1, 1, 1, 2, 2, 2, 1, 1, 1, 3, 2, 1, 1))",378908,396790.0,384685.9682189556,0.17749297017583615,0.006470102809997777,396790.00000000023
79,79,"((974, 1051, 2072, 3325, 1800, 2282, 1812, 3226, 1432, 1399, 4342, 673, 907, 942, 2041, 1974, 1840, 3428, 3506, 1775, 891, 1118, 3567, 3390, 3056, 7604, 1842, 1960, 603, 1422), (1, 1, 2, 1, 1, 1, 1, 1, 3, 1, 2, 1, 1, 1, 1, 2, 1, 1, 1, 1, 2, 2, 2, 1, 1, 1, 3, 2, 1, 1))",458243,478484.0,464236.31139958353,0.17348982065328142,0.005614270625765111,478484.0000000003
80,80,"((3335, 2335, 3106, 1150, 1913, 1973, 2051, 3134, 829, 1910, 3657, 2556, 668, 3538, 3472, 2546, 1699, 3526, 3167, 2525, 1829, 1829, 1021, 1714, 759, 2605, 270, 2489, 2155, 505), (1, 1, 2, 3, 1, 1, 1, 2, 2, 2, 1, 1, 1, 1, 2, 1, 1, 1, 1, 2, 1, 3, 1, 1, 1, 1, 1, 2, 1, 1))",477276,498489.5,483639.31420221156,0.17179676731143115,0.005134931897799218,498489.49999999907
81,81,"((2411, 1357, 2094, 1673, 923, 981, 1867, 2357, 1865, 2361, 1702, 4059, 1713, 733, 1188, 1300, 3243, 710, 981, 5540, 1543, 1971, 3566, 3019, 988, 3451, 1807, 3035, 2989, 1341), (1, 1, 2, 3, 1, 1, 1, 2, 2, 2, 1, 1, 1, 1, 2, 1, 1, 1, 1, 2, 1, 3, 1, 1, 1, 1, 1, 2, 1, 1))",477602,498642.5,483777.0579688583,0.17358931885346549,0.005307368677566906,498642.499999999
82,82,"((171, 3429, 1457, 1175, 3664, 712, 2059, 3419, 2767, 3352, 998, 1103, 3526, 1356, 2687, 3581, 3119, 6814, 1741, 2959, 2992, 3184, 2594, 3773, 2055, 1853, 890, 1642, 2595, 2159), (1, 1, 2, 1, 1, 1, 1, 1, 3, 1, 2, 1, 1, 1, 1, 2, 1, 1, 1, 1, 2, 2, 2, 1, 1, 1, 3, 2, 1, 1))",518262,541021.0,524997.3044476921,0.17069715688598208,0.00488930175391981,541021.0
83,83,"((1779, 3659, 3466, 1541, 1640, 3002, 17609, 698, 1649, 2039, 2625, 2374, 3200, 147, 2394, 1768, 2080, 1791, 2095, 539, 1621, 1902, 1551, 2794, 3523, 1848, 2093, 2906, 1493, 3377), (1, 1, 2, 3, 1, 1, 1, 2, 2, 2, 1, 1, 1, 1, 2, 1, 1, 1, 1, 2, 1, 3, 1, 1, 1, 1, 1, 2, 1, 1))",489583,510006.0,495522.2025465254,0.1669020036299892,0.005525852763077148,510005.99999999924
84,84,"((2002, 3308, 3131, 14785, 1605, 2941, 3935, 1408, 2617, 1417, 1605, 5925, 1560, 3009, 3558, 1910, 3469, 664, 1542, 2271, 2694, 3112, 2907, 3462, 4005, 1098, 1700, 3416, 2304, 2362), (1, 1, 2, 3, 1, 1, 1, 2, 2, 2, 1, 1, 1, 1, 2, 1, 1, 1, 1, 2, 1, 3, 1, 1, 1, 1, 1, 2, 1, 1))",693228,726987.5,704477.2952533745,0.1840795852258346,0.0035070225533526647,726987.4999999994
85,85,"((2612, 1913, 6403, 1393, 2686, 3416, 1812, 1902, 3096, 2348, 146, 1408, 3560, 3538, 1129, 923, 3211, 1761, 786, 2112, 1846, 2996, 1920, 1918, 1513, 1924, 2139, 518, 3553, 1664), (1, 1, 2, 1, 1, 1, 1, 1, 3, 1, 2, 1, 1, 1, 1, 2, 1, 1, 1, 1, 2, 2, 2, 1, 1, 1, 3, 2, 1, 1))",482854,504869.5,489521.2299318449,0.1761822999906624,0.005003420291509629,504869.50000000064
86,86,"((680, 1990, 949, 1658, 2867, 1504, 1810, 10703, 184, 1171, 2471, 1800, 3409, 1529, 2654, 1269, 1567, 1036, 1563, 3250, 2596, 3562, 4142, 5638, 2178, 1575, 2763, 6645, 2783, 5295), (1, 1, 2, 3, 1, 1, 1, 2, 2, 2, 1, 1, 1, 1, 2, 1, 1, 1, 1, 2, 1, 3, 1, 1, 1, 1, 1, 2, 1, 1))",561388,589607.5,571082.4840324171,0.18774135705666609,0.003920365546845997,589607.4999999999
87,87,"((3004, 3653, 6139, 142, 244, 1817, 1404, 256, 2696, 906, 295, 4494, 3541, 288, 861, 1313, 1741, 2076, 2447, 2702, 2429, 2891, 2942, 6376, 3501, 2489, 3426, 3165, 3398, 1292), (1, 1, 2, 1, 1, 1, 1, 1, 3, 1, 2, 1, 1, 1, 1, 2, 1, 1, 1, 1, 2, 2, 2, 1, 1, 1, 3, 2, 1, 1))",496146,520748.5,503795.2557526576,0.1823929725158138,0.0042845407213295975,520748.49999999953
88,88,"((3651, 3966, 3349, 1136, 3637, 3242, 3547, 1688, 2648, 2067, 1067, 1804, 1861, 1986, 3687, 3337, 1403, 1630, 1804, 3488, 2739, 3352, 11952, 3684, 3244, 3707, 3363, 1213, 2097, 3381), (1, 1, 2, 3, 1, 1, 1, 2, 2, 2, 1, 1, 1, 1, 2, 1, 1, 1, 1, 2, 1, 3, 1, 1, 1, 1, 1, 2, 1, 1))",636047,662137.5,643205.9621651552,0.1672543160585691,0.004240323796624767,662137.5000000006
89,89,"((3562, 3396, 1599, 1877, 3587, 6937, 917, 1587, 3550, 4787, 854, 2630, 3350, 957, 1297, 2086, 1323, 1869, 2850, 7562, 4182, 3536, 1242, 315, 3588, 3110, 2482, 2125, 2686, 1227), (1, 1, 2, 1, 1, 1, 1, 1, 3, 1, 2, 1, 1, 1, 1, 2, 1, 1, 1, 1, 2, 2, 2, 1, 1, 1, 3, 2, 1, 1))",552917,578730.0,561216.1094199668,0.1745402982777964,0.004561043219517624,578730.0000000007
90,90,"((227, 436, 815, 828, 971, 2921, 1754, 2465, 2332, 1147, 956, 6857, 1708, 2235, 8536, 10846, 3249, 495, 1815, 967, 1717, 2047, 1390, 1469, 2213, 2072, 1117, 3411, 2822, 3040), (1, 1, 2, 3, 1, 1, 1, 2, 2, 2, 1, 1, 1, 1, 2, 1, 1, 1, 1, 2, 1, 3, 1, 1, 1, 1, 1, 2, 1, 1))",436870,458714.5,444444.49491317704,0.18520404926567435,0.0053423657127265965,458714.50000000047
91,91,"((3589, 3125, 395, 872, 2924, 447, 2098, 1813, 3462, 3820, 1898, 1764, 2527, 2869, 1696, 3497, 3448, 3578, 1227, 2008, 3320, 3378, 3582, 1164, 5384, 3006, 3349, 1132, 2284, 2529), (1, 1, 2, 3, 1, 1, 1, 2, 2, 2, 1, 1, 1, 1, 2, 1, 1, 1, 1, 2, 1, 3, 1, 1, 1, 1, 1, 2, 1, 1))",539145,562807.0,546152.7233867985,0.1697115610020968,0.004731103428734646,562806.9999999997
92,92,"((3006, 3349, 1132, 2284, 2529, 3600, 1504, 958, 1718, 1731, 78, 255, 863, 556, 1822, 1822, 935, 410, 1922, 3645, 3347, 1513, 1602, 1923, 762, 2144, 815, 3309, 1957, 128), (1, 1, 2, 3, 1, 1, 1, 2, 2, 2, 1, 1, 1, 1, 2, 1, 1, 1, 1, 2, 1, 3, 1, 1, 1, 1, 1, 2, 1, 1))",363582,381396.5,369170.6569069522,0.1802004951658812,0.0061975534704199475,381396.49999999953
93,93,"((3600, 1504, 958, 1718, 1731, 78, 255, 863, 556, 1822, 1822, 935, 410, 1922, 3645, 3347, 1513, 1602, 1923, 762, 2144, 815, 3309, 1957, 128, 1101, 3491, 3579, 2944, 108), (1, 1, 2, 1, 1, 1, 1, 1, 3, 1, 2, 1, 1, 1, 1, 2, 1, 1, 1, 1, 2, 2, 2, 1, 1, 1, 3, 2, 1, 1))",360496,378458.5,365954.90321161726,0.1892892218053505,0.005278946982822373,378458.50000000064
94,94,"((3620, 2635, 2391, 3568, 1559, 3593, 2686, 1696, 2449, 4038, 551, 437, 6315, 5883, 2594, 3339, 2956, 2912, 4196, 897, 991, 1748, 1371, 1407, 2943, 3385, 1728, 3969, 3777, 445), (1, 1, 2, 3, 1, 1, 1, 2, 2, 2, 1, 1, 1, 1, 2, 1, 1, 1, 1, 2, 1, 3, 1, 1, 1, 1, 1, 2, 1, 1))",562710,589013.5,571125.0056580191,0.17418854469240624,0.004359404940292909,589013.5000000007
95,95,"((4342, 673, 907, 942, 2041, 1974, 1840, 3428, 3506, 1775, 891, 1118, 3567, 3390, 3056, 7604, 1842, 1960, 603, 1422, 4178, 3482, 4216, 1598, 4196, 833, 756, 1057, 2019, 2961), (1, 1, 2, 3, 1, 1, 1, 2, 2, 2, 1, 1, 1, 1, 2, 1, 1, 1, 1, 2, 1, 3, 1, 1, 1, 1, 1, 2, 1, 1))",481674,504009.5,488691.693539124,0.17794671153914507,0.005020376297223734,504009.50000000006
96,96,"((3385, 1728, 3969, 3777, 445, 1194, 2918, 1090, 843, 3373, 1879, 3583, 2397, 2566, 836, 1259, 1848, 3264, 1607, 577, 2440, 3384, 2616, 3666, 58007, 1936, 1943, 3336, 1511, 3429), (1, 1, 2, 3, 1, 1, 1, 2, 2, 2, 1, 1, 1, 1, 2, 1, 1, 1, 1, 2, 1, 3, 1, 1, 1, 1, 1, 2, 1, 1))",590804,614706.0,597810.6073118467,0.17761522452844658,0.004297182041172875,614706.0
97,97,"((1602, 1923, 762, 2144, 815, 3309, 1957, 128, 1101, 3491, 3579, 2944, 108, 3202, 1808, 3523, 3212, 579, 1875, 1817, 2328, 3717, 3577, 4981, 2405, 528, 907, 1403, 1566, 1695), (1, 1, 2, 1, 1, 1, 1, 1, 3, 1, 2, 1, 1, 1, 1, 2, 1, 1, 1, 1, 2, 2, 2, 1, 1, 1, 3, 2, 1, 1))",443601,463903.5,449394.8761756849,0.18014363192100705,0.004900774352288263,463903.50000000023
98,98,"((1232, 1976, 2127, 2980, 3436, 3464, 1214, 2701, 1824, 1839, 3557, 1988, 3135, 3555, 2113, 2897, 1943, 3381, 8707, 2087, 3784, 7597, 2076, 1080, 3837, 1269, 1814, 2627, 1723, 1930), (1, 1, 2, 3, 1, 1, 1, 2, 2, 2, 1, 1, 1, 1, 2, 1, 1, 1, 1, 2, 1, 3, 1, 1, 1, 1, 1, 2, 1, 1))",643933,671761.0,651660.161507451,0.17505944178516952,0.0040232768718599324,671760.9999999998
99,99,"((3340, 1217, 2158, 1978, 3113, 1232, 1976, 2127, 2980, 3436, 3464, 1214, 2701, 1824, 1839, 3557, 1988, 3135, 3555, 2113, 2897, 1943, 3381, 8707, 2087, 3784, 7597, 2076, 1080, 3837), (1, 1, 2, 3, 1, 1, 1, 2, 2, 2, 1, 1, 1, 1, 2, 1, 1, 1, 1, 2, 1, 3, 1, 1, 1, 1, 1, 2, 1, 1))",598927,625652.5,607537.6134038379,0.16548249360761835,0.0047415937699291115,625652.4999999992
