,Unnamed: 0,Instance,DP,Random,QAOA_1,QAOA_beta,QAOA_gamma,QAOA_classical
0,0,"((2672, 1935, 1550, 2090, 3165, 2274, 5771, 214, 685, 2460, 1464, 4476, 1566, 1795, 1682, 1283, 1912, 2055, 3271, 2691, 3491, 3306, 1399, 1964, 2041, 3291, 1788, 1716, 1072, 1718, 3423, 786, 846, 1107, 1101, 2274, 1518, 1924, 1777, 3506, 1333, 1961, 589, 1571, 2369, 1609, 859, 1748, 1522, 2083), (1, 2, 1, 2, 1, 1, 2, 2, 1, 1, 1, 1, 3, 1, 2, 2, 3, 1, 2, 1, 2, 2, 2, 1, 2, 3, 1, 1, 1, 2, 1, 2, 1, 2, 1, 1, 1, 1, 2, 1, 2, 2, 1, 2, 2, 1, 1, 2, 1, 3))",1385665,1424318.0,1396234.8114967984,0.14664765912819522,0.003384202272520011,1424317.9999999998
1,1,"((1603, 3232, 3071, 824, 3451, 3496, 229, 518, 805, 1019, 1836, 1279, 2358, 2966, 3643, 335, 1839, 2479, 3365, 3077, 4535, 5194, 1242, 1290, 3492, 3456, 3489, 3243, 554, 3187, 3305, 1401, 3699, 1834, 1811, 2548, 2926, 3514, 1538, 3660, 691, 510, 1729, 1948, 2256, 213, 1552, 1245, 2002, 3308), (1, 1, 3, 3, 2, 2, 2, 2, 1, 3, 1, 1, 3, 1, 2, 1, 3, 1, 1, 1, 2, 1, 1, 2, 1, 2, 2, 2, 1, 1, 2, 3, 1, 2, 1, 1, 2, 3, 1, 1, 1, 1, 1, 3, 2, 3, 1, 1, 1, 2))",1514861,1559947.0,1527642.5874230696,0.1521530398836802,0.0027503271715425244,1559946.9999999988
2,2,"((1377, 1756, 2893, 3675, 2387, 1605, 1921, 2663, 3468, 4209, 296, 3354, 3430, 737, 753, 2350, 1947, 1503, 2437, 2727, 3024, 3300, 497, 917, 906, 1731, 3936, 4266, 2149, 2066, 1814, 3088, 789, 1356, 2219, 1978, 1861, 3432, 2925, 3346, 1917, 1904, 1554, 1756, 4933, 1984, 2911, 1281, 2612, 1260), (1, 1, 1, 2, 1, 2, 2, 2, 1, 2, 1, 1, 1, 3, 2, 2, 1, 2, 2, 1, 1, 1, 3, 1, 2, 1, 2, 1, 2, 2, 2, 1, 2, 1, 2, 1, 1, 1, 1, 1, 2, 1, 1, 1, 1, 2, 1, 1, 1, 2))",1363187,1401096.0,1373766.0406561908,0.14381292018513747,0.0035620337827606367,1401095.999999997
3,3,"((3560, 3538, 1129, 923, 3211, 1761, 786, 2112, 1846, 2996, 1920, 1918, 1513, 1924, 2139, 518, 3553, 1664, 851, 2237, 520, 1902, 3138, 1768, 3481, 4069, 2771, 3250, 842, 1258, 911, 1688, 3517, 4207, 3717, 757, 1592, 899, 1553, 1390, 1785, 3422, 4130, 1383, 2893, 4870, 1325, 1283, 2625, 3567), (2, 3, 1, 1, 2, 2, 2, 1, 2, 2, 2, 1, 1, 1, 1, 2, 1, 2, 1, 1, 1, 1, 1, 2, 1, 1, 1, 1, 1, 1, 1, 2, 1, 2, 1, 1, 2, 1, 1, 1, 1, 1, 2, 1, 2, 1, 1, 2, 1, 1))",1330075,1367588.5,1340369.1560729996,0.14891370195721185,0.003414917281614567,1367588.4999999988
4,4,"((2964, 3544, 1644, 2807, 2730, 1027, 2913, 2390, 3009, 8705, 131, 2447, 648, 3371, 1365, 3501, 1626, 2142, 10704, 6542, 2694, 5470, 1806, 3531, 1354, 1377, 1756, 2893, 3675, 2387, 1605, 1921, 2663, 3468, 4209, 296, 3354, 3430, 737, 753, 2350, 1947, 1503, 2437, 2727, 3024, 3300, 497, 917, 906), (3, 1, 3, 2, 1, 1, 1, 2, 1, 3, 2, 1, 1, 2, 2, 2, 1, 1, 3, 2, 2, 2, 2, 1, 1, 2, 1, 2, 2, 2, 1, 3, 1, 1, 2, 1, 2, 1, 1, 3, 2, 1, 1, 2, 3, 1, 1, 3, 1, 2))",1911740,1972480.0,1929958.9772467096,0.16397473365059256,0.0019732092176021907,1972480.0000000037
5,5,"((1934, 784, 1889, 1907, 1712, 480, 652, 2284, 1587, 1700, 2666, 251, 1027, 2634, 2372, 3434, 99, 1925, 1393, 5639, 1584, 2889, 1509, 535, 769, 498, 392, 695, 3435, 1587, 1577, 2345, 3589, 3275, 643, 1724, 4546, 2609, 3412, 3125, 2294, 1692, 3476, 1835, 3517, 2797, 1515, 1348, 1496, 2134), (3, 1, 2, 1, 2, 2, 3, 1, 1, 2, 2, 1, 1, 2, 3, 1, 2, 1, 2, 3, 2, 2, 2, 2, 1, 3, 1, 3, 1, 2, 3, 2, 2, 1, 1, 3, 1, 1, 2, 1, 1, 2, 2, 2, 3, 2, 3, 1, 1, 1))",1439334,1482994.0,1452121.7654337196,0.15380546791334432,0.002894052103527552,1482994.000000001
6,6,"((3155, 171, 3429, 1457, 1175, 3664, 712, 2059, 3419, 2767, 3352, 998, 1103, 3526, 1356, 2687, 3581, 3119, 6814, 1741, 2959, 2992, 3184, 2594, 3773, 2055, 1853, 890, 1642, 2595, 2159, 3674, 3499, 7064, 2688, 1742, 1359, 424, 1501, 1734, 1323, 3639, 2897, 3335, 2335, 3106, 1150, 1913, 1973, 2051), (3, 2, 1, 2, 2, 1, 3, 1, 1, 1, 1, 3, 2, 1, 1, 2, 1, 1, 1, 2, 2, 1, 2, 1, 2, 1, 1, 2, 2, 2, 2, 1, 1, 3, 3, 1, 3, 1, 1, 2, 2, 2, 1, 2, 2, 1, 1, 1, 1, 1))",1608771,1655308.0,1622033.466755149,0.15016404650263507,0.002828366556470316,1655308.0000000056
7,7,"((3583, 2397, 2566, 836, 1259, 1848, 3264, 1607, 577, 2440, 3384, 2616, 3666, 58007, 1936, 1943, 3336, 1511, 3429, 616, 3143, 1953, 1831, 938, 1988, 1744, 1506, 1385, 3912, 2244, 2641, 2237, 516, 1080, 1521, 2402, 3729, 1384, 2924, 3219, 628, 1006, 3198, 822, 1213, 3530, 2688, 4609, 383, 2231), (2, 1, 1, 1, 2, 3, 1, 1, 1, 3, 1, 1, 2, 1, 1, 1, 2, 1, 2, 1, 3, 2, 2, 2, 2, 3, 1, 1, 1, 3, 1, 1, 2, 1, 3, 1, 1, 1, 3, 2, 1, 2, 1, 1, 1, 3, 1, 1, 1, 1))",1508667,1551604.5,1521195.0076090856,0.1513410768958205,0.0030300867415149705,1551604.4999999988
8,8,"((1898, 1764, 2527, 2869, 1696, 3497, 3448, 3578, 1227, 2008, 3320, 3378, 3582, 1164, 5384, 3006, 3349, 1132, 2284, 2529, 3600, 1504, 958, 1718, 1731, 78, 255, 863, 556, 1822, 1822, 935, 410, 1922, 3645, 3347, 1513, 1602, 1923, 762, 2144, 815, 3309, 1957, 128, 1101, 3491, 3579, 2944, 108), (3, 2, 3, 3, 3, 2, 2, 1, 3, 1, 3, 2, 2, 2, 2, 1, 1, 1, 1, 1, 1, 1, 1, 1, 2, 1, 2, 1, 2, 1, 2, 2, 1, 1, 2, 1, 1, 3, 2, 2, 1, 2, 3, 3, 1, 2, 1, 1, 2, 1))",1448207,1493502.5,1461720.9448197747,0.1535851904250669,0.0028623311037138197,1493502.4999999953
9,9,"((3614, 1696, 3383, 3701, 264, 4643, 1785, 2053, 3571, 2580, 1024, 3439, 840, 1386, 1764, 3673, 3719, 3162, 31226, 645, 1058, 2130, 829, 1496, 1248, 2692, 3695, 4095, 1919, 2284, 3013, 5343, 4339, 3281, 1198, 2326, 1657, 2636, 1679, 2782, 7973, 1227, 1177, 2527, 1791, 10522, 3221, 3518, 3761, 3476), (1, 1, 1, 2, 1, 2, 2, 1, 2, 1, 2, 1, 3, 1, 1, 1, 2, 2, 1, 1, 2, 1, 1, 3, 2, 3, 3, 3, 3, 2, 2, 2, 2, 2, 3, 1, 1, 2, 2, 2, 2, 2, 1, 1, 3, 3, 1, 1, 1, 2))",2114177,2177711.5,2133200.161499409,0.15542467025270432,0.002019580476275349,2177711.499999999
10,10,"((3173, 630, 1798, 1784, 3651, 3966, 3349, 1136, 3637, 3242, 3547, 1688, 2648, 2067, 1067, 1804, 1861, 1986, 3687, 3337, 1403, 1630, 1804, 3488, 2739, 3352, 11952, 3684, 3244, 3707, 3363, 1213, 2097, 3381, 3294, 1826, 1788, 2456, 1652, 3162, 10031, 1113, 2638, 3444, 1258, 1888, 3382, 7852, 904, 1934), (1, 2, 2, 3, 1, 2, 1, 1, 1, 1, 1, 1, 1, 2, 1, 1, 3, 1, 1, 2, 1, 2, 3, 2, 1, 3, 1, 2, 1, 1, 1, 3, 1, 2, 1, 1, 2, 1, 1, 2, 2, 2, 2, 2, 2, 1, 1, 1, 1, 1))",1737742,1787951.0,1752824.0242189204,0.1466459350581512,0.00279603461586523,1787950.999999994
11,11,"((3438, 13321, 3170, 5021, 2562, 3573, 1284, 3854, 1932, 178, 1924, 4020, 1511, 2582, 2714, 2341, 974, 1051, 2072, 3325, 1800, 2282, 1812, 3226, 1432, 1399, 4342, 673, 907, 942, 2041, 1974, 1840, 3428, 3506, 1775, 891, 1118, 3567, 3390, 3056, 7604, 1842, 1960, 603, 1422, 4178, 3482, 4216, 1598), (1, 2, 2, 2, 1, 3, 1, 1, 1, 3, 2, 1, 2, 1, 3, 3, 3, 1, 3, 1, 2, 3, 3, 1, 3, 2, 1, 2, 2, 1, 1, 1, 2, 2, 2, 3, 1, 3, 2, 2, 3, 1, 1, 2, 2, 3, 2, 1, 1, 2))",1815552,1872701.5,1834296.2379074614,0.150052426886151,0.0025768138239694468,1872701.500000006
12,12,"((2807, 2730, 1027, 2913, 2390, 3009, 8705, 131, 2447, 648, 3371, 1365, 3501, 1626, 2142, 10704, 6542, 2694, 5470, 1806, 3531, 1354, 1377, 1756, 2893, 3675, 2387, 1605, 1921, 2663, 3468, 4209, 296, 3354, 3430, 737, 753, 2350, 1947, 1503, 2437, 2727, 3024, 3300, 497, 917, 906, 1731, 3936, 4266), (2, 1, 1, 2, 2, 3, 1, 2, 1, 1, 1, 1, 1, 2, 2, 1, 1, 3, 3, 1, 3, 1, 1, 3, 2, 1, 3, 1, 1, 2, 2, 2, 1, 2, 3, 2, 1, 2, 1, 2, 3, 2, 3, 3, 3, 3, 1, 3, 3, 1))",1984493,2044189.5,2002050.190297267,0.15216069265930998,0.002100659108608641,2044189.4999999984
13,13,"((3663, 3554, 3106, 2402, 730, 2209, 1520, 1583, 3601, 3701, 3130, 5061, 136, 1658, 1325, 2152, 829, 3197, 1006, 480, 1572, 1467, 1178, 1829, 3693, 349, 2058, 3542, 3356, 3102, 3084, 3054, 1972, 1696, 35177, 4226, 1639, 1549, 1697, 2309, 3254, 542, 3278, 2770, 1645, 2272, 412, 3905, 1234, 3568), (1, 1, 2, 3, 1, 2, 3, 1, 3, 2, 2, 3, 3, 2, 2, 3, 1, 1, 3, 1, 2, 2, 2, 1, 2, 2, 1, 1, 1, 1, 3, 3, 2, 1, 2, 2, 1, 1, 1, 1, 3, 3, 1, 1, 1, 2, 1, 2, 1, 2))",1824251,1877520.5,1839553.034944501,0.15374082013194312,0.0023287078946527357,1877520.4999999898
14,14,"((1504, 958, 1718, 1731, 78, 255, 863, 556, 1822, 1822, 935, 410, 1922, 3645, 3347, 1513, 1602, 1923, 762, 2144, 815, 3309, 1957, 128, 1101, 3491, 3579, 2944, 108, 3202, 1808, 3523, 3212, 579, 1875, 1817, 2328, 3717, 3577, 4981, 2405, 528, 907, 1403, 1566, 1695, 19974, 2918, 929, 621), (3, 1, 1, 2, 1, 2, 2, 2, 1, 3, 1, 3, 1, 1, 2, 1, 1, 3, 3, 2, 2, 2, 1, 2, 2, 2, 1, 1, 2, 2, 1, 2, 2, 1, 1, 1, 3, 1, 1, 1, 1, 2, 1, 1, 2, 3, 1, 2, 2, 1))",1157214,1194060.0,1168752.4029941484,0.15471057198896826,0.003637491233588201,1194059.999999998
15,15,"((658, 152, 2657, 3018, 3043, 6335, 1676, 852, 1847, 1743, 8337, 5721, 852, 1236, 2309, 2679, 458, 1201, 2852, 2347, 2811, 839, 1364, 4450, 851, 2152, 2980, 374, 1205, 3270, 3661, 3408, 739, 2143, 3415, 4812, 3569, 1373, 1893, 1905, 1423, 1516, 1475, 1818, 1958, 3220, 2864, 999, 1397, 3285), (3, 1, 1, 3, 1, 3, 2, 1, 1, 1, 3, 1, 1, 1, 2, 1, 2, 2, 1, 2, 2, 1, 1, 1, 1, 1, 1, 2, 3, 2, 2, 1, 1, 2, 2, 2, 3, 2, 1, 1, 3, 1, 2, 3, 2, 1, 1, 2, 1, 2))",1603196,1653745.5,1618551.9506164787,0.16203859696909664,0.002407649570472877,1653745.499999999
16,16,"((899, 1553, 1390, 1785, 3422, 4130, 1383, 2893, 4870, 1325, 1283, 2625, 3567, 3321, 3361, 1616, 3704, 3106, 5857, 16969, 3568, 3568, 2341, 4223, 1218, 2432, 5579, 798, 2752, 1218, 1636, 3604, 1593, 2829, 1872, 15727, 1905, 2285, 2672, 1935, 1550, 2090, 3165, 2274, 5771, 214, 685, 2460, 1464, 4476), (1, 1, 1, 1, 3, 1, 1, 1, 1, 2, 3, 1, 3, 2, 2, 3, 2, 1, 2, 1, 3, 1, 3, 2, 1, 1, 3, 1, 1, 2, 1, 1, 1, 2, 2, 3, 2, 2, 2, 2, 1, 2, 1, 2, 3, 2, 1, 1, 1, 1))",2098027,2164301.5,2119103.789006941,0.15971936662551828,0.0019413727610432558,2164301.5
17,17,"((3024, 3300, 497, 917, 906, 1731, 3936, 4266, 2149, 2066, 1814, 3088, 789, 1356, 2219, 1978, 1861, 3432, 2925, 3346, 1917, 1904, 1554, 1756, 4933, 1984, 2911, 1281, 2612, 1260, 3724, 2439, 1296, 3389, 2155, 3422, 3561, 1259, 4714, 1172, 2427, 2846, 1956, 3292, 1525, 3091, 2691, 3971, 5132, 625), (1, 1, 1, 1, 3, 3, 1, 1, 2, 2, 2, 3, 3, 1, 2, 3, 3, 1, 1, 1, 1, 2, 1, 3, 1, 1, 1, 3, 2, 1, 2, 1, 3, 1, 1, 2, 1, 1, 2, 2, 2, 2, 2, 1, 1, 1, 2, 1, 2, 2))",1630195,1677301.5,1644142.0143755525,0.14502732852258635,0.003021737371048792,1677301.5000000002
18,18,"((3004, 3653, 6139, 142, 244, 1817, 1404, 256, 2696, 906, 295, 4494, 3541, 288, 861, 1313, 1741, 2076, 2447, 2702, 2429, 2891, 2942, 6376, 3501, 2489, 3426, 3165, 3398, 1292, 2919, 1493, 3076, 868, 1118, 1299, 3500, 3462, 178, 231, 256, 586, 3614, 1696, 3383, 3701, 264, 4643, 1785, 2053), (2, 2, 3, 1, 3, 1, 2, 3, 2, 2, 1, 1, 2, 1, 2, 1, 1, 2, 1, 3, 1, 3, 2, 1, 1, 2, 2, 1, 3, 2, 1, 2, 1, 1, 2, 2, 3, 2, 1, 3, 2, 1, 3, 1, 1, 1, 2, 3, 1, 1))",1515304,1564706.5,1529544.3980917975,0.1622357579731742,0.00229786573203858,1564706.500000003
19,19,"((3478, 1847, 904, 1172, 1621, 1747, 2476, 3219, 1382, 866, 1574, 680, 1990, 949, 1658, 2867, 1504, 1810, 10703, 184, 1171, 2471, 1800, 3409, 1529, 2654, 1269, 1567, 1036, 1563, 3250, 2596, 3562, 4142, 5638, 2178, 1575, 2763, 6645, 2783, 5295, 3239, 3328, 1386, 1128, 890, 4251, 1410, 3525, 334), (1, 2, 2, 1, 1, 1, 3, 1, 3, 3, 3, 1, 2, 3, 2, 1, 2, 2, 2, 3, 2, 2, 2, 1, 2, 2, 1, 1, 1, 1, 2, 1, 2, 2, 1, 3, 1, 2, 2, 2, 1, 1, 1, 2, 1, 1, 2, 1, 3, 2))",1603661,1654258.5,1620154.466765705,0.1528249048525148,0.002775804753809954,1654258.5000000002
20,20,"((3587, 6937, 917, 1587, 3550, 4787, 854, 2630, 3350, 957, 1297, 2086, 1323, 1869, 2850, 7562, 4182, 3536, 1242, 315, 3588, 3110, 2482, 2125, 2686, 1227, 985, 2210, 650, 3466, 3493, 3643, 554, 700, 1942, 3098, 1719, 13098, 3579, 1622, 2174, 1288, 1842, 2231, 19538, 2310, 1358, 3589, 3087, 271), (2, 1, 2, 1, 1, 1, 1, 1, 1, 1, 1, 2, 2, 1, 3, 1, 1, 2, 1, 1, 2, 3, 1, 1, 2, 2, 2, 1, 3, 2, 2, 1, 1, 2, 2, 1, 1, 3, 2, 2, 1, 1, 2, 1, 1, 1, 1, 1, 1, 3))",1578552,1630239.0,1595367.159533711,0.15991475589983287,0.00267834017934702,1630239.0000000028
21,21,"((1568, 675, 1680, 1391, 1983, 1187, 1957, 1025, 941, 1098, 1794, 3542, 1456, 2286, 1813, 2935, 3485, 3363, 1715, 1195, 2690, 3242, 2658, 627, 3649, 3378, 1505, 1779, 3659, 3466, 1541, 1640, 3002, 17609, 698, 1649, 2039, 2625, 2374, 3200, 147, 2394, 1768, 2080, 1791, 2095, 539, 1621, 1902, 1551), (1, 1, 3, 2, 2, 2, 2, 2, 1, 1, 2, 1, 3, 3, 1, 2, 1, 2, 1, 1, 2, 3, 1, 1, 1, 1, 1, 1, 2, 1, 1, 2, 2, 1, 2, 1, 2, 3, 3, 3, 3, 3, 1, 1, 1, 3, 2, 2, 3, 1))",1572710,1616916.0,1584822.490354814,0.14905212841115034,0.002848311431033532,1616916.0000000002
22,22,"((3098, 1719, 13098, 3579, 1622, 2174, 1288, 1842, 2231, 19538, 2310, 1358, 3589, 3087, 271, 1905, 3531, 1661, 2722, 2710, 2136, 2847, 1282, 1597, 3684, 3201, 2307, 1900, 3005, 3408, 1211, 1383, 2590, 2421, 468, 742, 1425, 2018, 1729, 1603, 3232, 3071, 824, 3451, 3496, 229, 518, 805, 1019, 1836), (3, 3, 3, 1, 1, 1, 1, 2, 1, 2, 2, 1, 2, 3, 1, 1, 3, 1, 3, 1, 2, 1, 2, 2, 3, 1, 1, 2, 1, 1, 2, 2, 1, 2, 2, 1, 3, 2, 1, 3, 2, 2, 1, 3, 2, 1, 1, 1, 2, 1))",1824917,1883582.0,1843766.778665813,0.16089716221822475,0.0022069195394136387,1883581.9999999972
23,23,"((1008, 1242, 2352, 3400, 1019, 1380, 2267, 3427, 3525, 3711, 1206, 1750, 1450, 2768, 841, 920, 995, 3895, 1145, 2457, 13087, 4743, 1916, 3784, 4286, 3676, 3918, 3662, 6919, 4940, 1844, 5473, 2276, 1876, 1520, 1465, 3335, 2532, 612, 4122, 866, 1238, 2616, 3579, 540, 3163, 3860, 7838, 39819, 2323), (2, 1, 1, 1, 2, 1, 1, 2, 2, 3, 2, 1, 3, 2, 1, 3, 2, 1, 2, 1, 1, 3, 1, 2, 1, 1, 2, 2, 1, 1, 2, 1, 3, 1, 1, 1, 2, 2, 2, 1, 1, 2, 1, 2, 2, 2, 1, 1, 1, 1))",1739659,1794895.5,1758382.1293698675,0.15280961638904594,0.0026370402422799385,1794895.4999999984
24,24,"((19538, 2310, 1358, 3589, 3087, 271, 1905, 3531, 1661, 2722, 2710, 2136, 2847, 1282, 1597, 3684, 3201, 2307, 1900, 3005, 3408, 1211, 1383, 2590, 2421, 468, 742, 1425, 2018, 1729, 1603, 3232, 3071, 824, 3451, 3496, 229, 518, 805, 1019, 1836, 1279, 2358, 2966, 3643, 335, 1839, 2479, 3365, 3077), (1, 1, 1, 1, 2, 2, 2, 1, 3, 1, 1, 3, 2, 1, 1, 3, 2, 2, 2, 3, 1, 3, 2, 1, 1, 2, 1, 1, 1, 1, 3, 2, 3, 2, 1, 1, 1, 2, 1, 2, 3, 1, 2, 2, 1, 2, 1, 1, 1, 3))",1481675,1525567.0,1494514.9081130947,0.15207955836537596,0.002935267510153096,1525566.9999999956
25,25,"((3429, 1457, 1175, 3664, 712, 2059, 3419, 2767, 3352, 998, 1103, 3526, 1356, 2687, 3581, 3119, 6814, 1741, 2959, 2992, 3184, 2594, 3773, 2055, 1853, 890, 1642, 2595, 2159, 3674, 3499, 7064, 2688, 1742, 1359, 424, 1501, 1734, 1323, 3639, 2897, 3335, 2335, 3106, 1150, 1913, 1973, 2051, 3134, 829), (2, 3, 1, 2, 3, 2, 1, 2, 2, 1, 1, 1, 1, 2, 2, 3, 1, 2, 1, 3, 1, 2, 1, 1, 1, 3, 2, 2, 1, 1, 2, 1, 3, 1, 1, 1, 3, 2, 2, 1, 3, 1, 1, 3, 1, 2, 2, 1, 1, 2))",1747923,1798094.0,1762631.6224396462,0.1473622230618886,0.002648583917700004,1798094.000000004
26,26,"((549, 1512, 1636, 1335, 3451, 1296, 2563, 760, 1613, 3643, 2964, 3544, 1644, 2807, 2730, 1027, 2913, 2390, 3009, 8705, 131, 2447, 648, 3371, 1365, 3501, 1626, 2142, 10704, 6542, 2694, 5470, 1806, 3531, 1354, 1377, 1756, 2893, 3675, 2387, 1605, 1921, 2663, 3468, 4209, 296, 3354, 3430, 737, 753), (1, 2, 1, 3, 3, 3, 1, 2, 2, 1, 1, 1, 1, 1, 1, 2, 2, 2, 2, 2, 2, 2, 1, 1, 2, 3, 1, 1, 1, 1, 1, 3, 3, 2, 3, 1, 3, 1, 1, 1, 3, 3, 2, 1, 1, 3, 1, 3, 2, 1))",1646710,1699183.0,1663513.89542405,0.15456520940659044,0.002677266999178181,1699183.0000000019
27,27,"((1599, 1877, 3587, 6937, 917, 1587, 3550, 4787, 854, 2630, 3350, 957, 1297, 2086, 1323, 1869, 2850, 7562, 4182, 3536, 1242, 315, 3588, 3110, 2482, 2125, 2686, 1227, 985, 2210, 650, 3466, 3493, 3643, 554, 700, 1942, 3098, 1719, 13098, 3579, 1622, 2174, 1288, 1842, 2231, 19538, 2310, 1358, 3589), (1, 1, 1, 3, 2, 2, 1, 2, 1, 2, 3, 1, 2, 2, 1, 2, 1, 1, 3, 2, 1, 3, 1, 3, 1, 1, 3, 2, 3, 1, 2, 1, 1, 1, 1, 3, 1, 2, 3, 2, 1, 3, 1, 2, 3, 2, 3, 1, 3, 1))",1891683,1961876.5,1917648.929122357,0.17696768706591712,0.001947059760431168,1961876.5000000016
28,28,"((5638, 2178, 1575, 2763, 6645, 2783, 5295, 3239, 3328, 1386, 1128, 890, 4251, 1410, 3525, 334, 297, 423, 1825, 848, 3069, 1970, 1684, 2021, 3391, 917, 1546, 1519, 7846, 2931, 1947, 2112, 2455, 2203, 3379, 4303, 1439, 1001, 2080, 3194, 3135, 1207, 1379, 3118, 3230, 1718, 1845, 1658, 3284, 3657), (1, 2, 3, 1, 3, 3, 2, 1, 1, 2, 2, 1, 2, 2, 1, 2, 2, 1, 2, 1, 1, 2, 2, 2, 3, 3, 1, 1, 1, 2, 2, 1, 3, 2, 2, 1, 1, 2, 1, 3, 3, 1, 3, 3, 2, 1, 3, 3, 1, 3))",1899879,1956756.0,1916679.102729081,0.15262410069147025,0.002259491621157396,1956756.0000000063
29,29,"((2627, 1723, 1930, 5489, 684, 5132, 1007, 1129, 471, 1736, 2225, 3326, 3452, 1762, 1419, 1836, 2406, 3438, 13321, 3170, 5021, 2562, 3573, 1284, 3854, 1932, 178, 1924, 4020, 1511, 2582, 2714, 2341, 974, 1051, 2072, 3325, 1800, 2282, 1812, 3226, 1432, 1399, 4342, 673, 907, 942, 2041, 1974, 1840), (2, 3, 2, 1, 2, 2, 3, 1, 1, 3, 2, 2, 2, 2, 2, 1, 1, 1, 3, 3, 2, 1, 1, 1, 2, 1, 2, 1, 3, 2, 3, 3, 1, 1, 1, 2, 1, 1, 3, 3, 1, 3, 1, 1, 3, 1, 1, 1, 2, 1))",1759416,1816389.5,1778205.1259473218,0.15745531197113474,0.002410203349257121,1816389.4999999998
30,30,"((836, 1259, 1848, 3264, 1607, 577, 2440, 3384, 2616, 3666, 58007, 1936, 1943, 3336, 1511, 3429, 616, 3143, 1953, 1831, 938, 1988, 1744, 1506, 1385, 3912, 2244, 2641, 2237, 516, 1080, 1521, 2402, 3729, 1384, 2924, 3219, 628, 1006, 3198, 822, 1213, 3530, 2688, 4609, 383, 2231, 801, 1053, 4320), (1, 1, 2, 1, 1, 1, 2, 2, 3, 1, 3, 1, 2, 3, 1, 1, 1, 1, 1, 1, 1, 3, 2, 3, 1, 1, 2, 3, 2, 2, 2, 1, 1, 3, 2, 1, 3, 1, 2, 2, 1, 1, 2, 3, 2, 2, 1, 1, 1, 1))",1782899,1836041.0,1799892.6101747204,0.15926245614491655,0.002456670156632255,1836041.0
31,31,"((1621, 1902, 1551, 2794, 3523, 1848, 2093, 2906, 1493, 3377, 3139, 1756, 1258, 1863, 1829, 3444, 3245, 3209, 3368, 3498, 3168, 2854, 3240, 3437, 1798, 1854, 3391, 243, 324, 1444, 1621, 904, 1403, 1943, 1698, 811, 2233, 3340, 1217, 2158, 1978, 3113, 1232, 1976, 2127, 2980, 3436, 3464, 1214, 2701), (1, 2, 2, 3, 1, 1, 1, 2, 3, 1, 2, 2, 1, 2, 1, 1, 2, 2, 1, 3, 2, 1, 1, 1, 2, 1, 1, 1, 1, 2, 1, 2, 1, 1, 1, 1, 2, 1, 2, 1, 1, 1, 2, 2, 1, 3, 1, 2, 2, 2))",1563717,1606713.0,1575118.2220182982,0.14632244772206907,0.002976021701595902,1606713.0000000012
32,32,"((2333, 1736, 928, 2184, 3444, 2320, 2693, 2136, 2031, 1850, 2628, 750, 1798, 1663, 3232, 3036, 969, 1950, 1357, 825, 3173, 630, 1798, 1784, 3651, 3966, 3349, 1136, 3637, 3242, 3547, 1688, 2648, 2067, 1067, 1804, 1861, 1986, 3687, 3337, 1403, 1630, 1804, 3488, 2739, 3352, 11952, 3684, 3244, 3707), (2, 1, 3, 2, 1, 1, 2, 1, 1, 1, 2, 1, 1, 1, 2, 2, 1, 1, 1, 3, 2, 3, 1, 3, 1, 1, 1, 1, 1, 1, 3, 3, 1, 3, 1, 3, 2, 1, 1, 1, 2, 2, 1, 3, 1, 2, 1, 2, 1, 1))",1604612,1649390.5,1617322.85319613,0.146152765269423,0.002987352602006268,1649390.500000003
33,33,"((1847, 1743, 8337, 5721, 852, 1236, 2309, 2679, 458, 1201, 2852, 2347, 2811, 839, 1364, 4450, 851, 2152, 2980, 374, 1205, 3270, 3661, 3408, 739, 2143, 3415, 4812, 3569, 1373, 1893, 1905, 1423, 1516, 1475, 1818, 1958, 3220, 2864, 999, 1397, 3285, 3362, 1743, 1703, 3456, 4118, 2672, 3885, 3582), (2, 1, 2, 3, 1, 1, 1, 1, 2, 2, 3, 1, 2, 1, 2, 2, 3, 2, 1, 1, 3, 1, 3, 3, 1, 2, 1, 1, 2, 2, 1, 1, 2, 2, 2, 3, 2, 1, 2, 1, 2, 1, 1, 1, 1, 2, 1, 1, 1, 1))",1667286,1717912.0,1682683.4493219126,0.15380651641154575,0.0026149603406747843,1717911.9999999974
34,34,"((3719, 3162, 31226, 645, 1058, 2130, 829, 1496, 1248, 2692, 3695, 4095, 1919, 2284, 3013, 5343, 4339, 3281, 1198, 2326, 1657, 2636, 1679, 2782, 7973, 1227, 1177, 2527, 1791, 10522, 3221, 3518, 3761, 3476, 3284, 2022, 1942, 2704, 2975, 1929, 320, 1708, 1973, 1714, 2676, 4036, 2128, 3610, 394, 1036), (2, 2, 1, 2, 1, 2, 1, 1, 2, 3, 1, 3, 1, 1, 1, 2, 2, 2, 2, 2, 2, 2, 1, 1, 1, 1, 1, 1, 1, 1, 2, 2, 3, 2, 1, 1, 2, 1, 3, 1, 2, 2, 1, 3, 1, 2, 2, 2, 1, 2))",1901565,1956672.0,1917737.4379033789,0.1493145294967357,0.002361522877565383,1956672.000000001
35,35,"((2155, 3422, 3561, 1259, 4714, 1172, 2427, 2846, 1956, 3292, 1525, 3091, 2691, 3971, 5132, 625, 1678, 1171, 2688, 3443, 836, 860, 2697, 3562, 3396, 1599, 1877, 3587, 6937, 917, 1587, 3550, 4787, 854, 2630, 3350, 957, 1297, 2086, 1323, 1869, 2850, 7562, 4182, 3536, 1242, 315, 3588, 3110, 2482), (1, 1, 1, 2, 1, 1, 1, 3, 1, 2, 2, 1, 2, 1, 1, 3, 2, 1, 1, 1, 1, 2, 1, 3, 2, 1, 2, 1, 1, 2, 2, 1, 1, 2, 1, 2, 1, 2, 1, 1, 2, 2, 1, 1, 1, 1, 1, 1, 3, 3))",1516086,1561430.5,1529818.587063149,0.14836294527689656,0.003136106904989913,1561430.500000003
36,36,"((1834, 1811, 2548, 2926, 3514, 1538, 3660, 691, 510, 1729, 1948, 2256, 213, 1552, 1245, 2002, 3308, 3131, 14785, 1605, 2941, 3935, 1408, 2617, 1417, 1605, 5925, 1560, 3009, 3558, 1910, 3469, 664, 1542, 2271, 2694, 3112, 2907, 3462, 4005, 1098, 1700, 3416, 2304, 2362, 1755, 3417, 3280, 795, 858), (2, 1, 2, 1, 3, 2, 2, 1, 1, 1, 1, 2, 1, 1, 2, 1, 2, 2, 1, 2, 2, 2, 2, 2, 2, 1, 2, 2, 1, 3, 3, 1, 1, 2, 1, 1, 1, 1, 2, 1, 2, 1, 1, 1, 1, 1, 1, 3, 1, 1))",1645904,1692295.5,1658568.9088242885,0.14968904039821246,0.0027035755969584078,1692295.5000000072
37,37,"((3499, 3170, 129, 999, 1013, 1219, 1591, 2317, 1895, 242, 2130, 3478, 1847, 904, 1172, 1621, 1747, 2476, 3219, 1382, 866, 1574, 680, 1990, 949, 1658, 2867, 1504, 1810, 10703, 184, 1171, 2471, 1800, 3409, 1529, 2654, 1269, 1567, 1036, 1563, 3250, 2596, 3562, 4142, 5638, 2178, 1575, 2763, 6645), (1, 1, 1, 1, 2, 1, 2, 2, 2, 1, 2, 1, 1, 1, 1, 2, 3, 2, 2, 1, 1, 1, 2, 1, 3, 1, 2, 2, 2, 1, 1, 1, 1, 1, 1, 1, 2, 1, 1, 2, 3, 3, 2, 1, 2, 2, 3, 1, 1, 2))",1393003,1434594.5,1405198.8843838735,0.1518089577617045,0.0031425400604546835,1434594.5000000016
38,38,"((2210, 650, 3466, 3493, 3643, 554, 700, 1942, 3098, 1719, 13098, 3579, 1622, 2174, 1288, 1842, 2231, 19538, 2310, 1358, 3589, 3087, 271, 1905, 3531, 1661, 2722, 2710, 2136, 2847, 1282, 1597, 3684, 3201, 2307, 1900, 3005, 3408, 1211, 1383, 2590, 2421, 468, 742, 1425, 2018, 1729, 1603, 3232, 3071), (1, 2, 1, 1, 2, 1, 1, 1, 1, 1, 2, 2, 2, 1, 1, 1, 1, 1, 2, 3, 2, 1, 2, 2, 1, 1, 1, 1, 3, 1, 1, 1, 1, 2, 1, 2, 3, 2, 2, 3, 3, 1, 1, 1, 1, 1, 1, 3, 1, 3))",1534069,1581221.0,1549354.4638551609,0.15101338666736214,0.002985719527006354,1581220.9999999984
39,39,"((1283, 2625, 3567, 3321, 3361, 1616, 3704, 3106, 5857, 16969, 3568, 3568, 2341, 4223, 1218, 2432, 5579, 798, 2752, 1218, 1636, 3604, 1593, 2829, 1872, 15727, 1905, 2285, 2672, 1935, 1550, 2090, 3165, 2274, 5771, 214, 685, 2460, 1464, 4476, 1566, 1795, 1682, 1283, 1912, 2055, 3271, 2691, 3491, 3306), (2, 3, 2, 2, 3, 1, 3, 1, 3, 1, 2, 1, 1, 1, 1, 3, 1, 3, 2, 1, 2, 1, 2, 2, 2, 2, 2, 2, 3, 2, 1, 3, 1, 3, 1, 1, 2, 3, 3, 2, 1, 1, 2, 3, 1, 1, 1, 1, 1, 2))",2065894,2130024.5,2086832.4903319997,0.15050677220838396,0.002249929940677429,2130024.500000002
40,40,"((2503, 1128, 2497, 3566, 2105, 2040, 3441, 1031, 934, 1095, 1399, 1671, 4538, 3276, 449, 1199, 2130, 129, 149, 104, 140, 1787, 2628, 831, 6673, 1996, 927, 1496, 2900, 1923, 1485, 3072, 5666, 2572, 7721, 1443, 3188, 3705, 4561, 3372, 3449, 33097, 1857, 2468, 1122, 3672, 2522, 1931, 3020, 3553), (2, 1, 1, 1, 1, 3, 1, 1, 1, 1, 1, 2, 1, 1, 1, 1, 2, 3, 3, 1, 2, 1, 1, 1, 2, 2, 3, 1, 3, 2, 1, 1, 1, 1, 1, 1, 1, 2, 1, 2, 3, 1, 1, 2, 3, 1, 1, 1, 1, 1))",1334861,1376562.0,1347828.8582117942,0.15286097006331698,0.0033078461024155267,1376561.999999999
41,41,"((3489, 3243, 554, 3187, 3305, 1401, 3699, 1834, 1811, 2548, 2926, 3514, 1538, 3660, 691, 510, 1729, 1948, 2256, 213, 1552, 1245, 2002, 3308, 3131, 14785, 1605, 2941, 3935, 1408, 2617, 1417, 1605, 5925, 1560, 3009, 3558, 1910, 3469, 664, 1542, 2271, 2694, 3112, 2907, 3462, 4005, 1098, 1700, 3416), (2, 1, 2, 1, 2, 1, 3, 3, 2, 1, 2, 1, 2, 3, 1, 2, 1, 2, 1, 1, 3, 2, 2, 3, 2, 1, 1, 1, 1, 2, 2, 1, 1, 1, 1, 2, 1, 2, 3, 2, 1, 1, 3, 2, 2, 3, 1, 3, 2, 3))",1875958,1929991.0,1891300.0239210872,0.15139117808385102,0.002278034102974707,1929991.0000000072
42,42,"((2284, 1587, 1700, 2666, 251, 1027, 2634, 2372, 3434, 99, 1925, 1393, 5639, 1584, 2889, 1509, 535, 769, 498, 392, 695, 3435, 1587, 1577, 2345, 3589, 3275, 643, 1724, 4546, 2609, 3412, 3125, 2294, 1692, 3476, 1835, 3517, 2797, 1515, 1348, 1496, 2134, 4104, 3569, 13360, 3706, 1843, 2765, 134), (1, 2, 3, 3, 1, 1, 2, 1, 1, 3, 1, 1, 2, 1, 2, 3, 1, 1, 1, 2, 1, 1, 2, 1, 2, 2, 1, 2, 3, 1, 1, 1, 2, 3, 1, 2, 1, 2, 2, 1, 3, 2, 2, 1, 1, 2, 2, 1, 1, 1))",1470798,1516753.0,1484906.911315292,0.15272428345815506,0.002905432960598196,1516752.9999999988
43,43,"((1511, 3429, 616, 3143, 1953, 1831, 938, 1988, 1744, 1506, 1385, 3912, 2244, 2641, 2237, 516, 1080, 1521, 2402, 3729, 1384, 2924, 3219, 628, 1006, 3198, 822, 1213, 3530, 2688, 4609, 383, 2231, 801, 1053, 4320, 3007, 1627, 1642, 1852, 2799, 3071, 1300, 1263, 1456, 2675, 2548, 3659, 3549, 3052), (3, 1, 1, 2, 1, 1, 1, 3, 3, 1, 3, 1, 2, 2, 1, 2, 1, 2, 1, 1, 3, 3, 2, 1, 1, 1, 1, 1, 3, 2, 2, 2, 1, 2, 2, 3, 1, 1, 2, 1, 3, 1, 3, 3, 1, 1, 2, 2, 2, 1))",1580639,1627175.5,1594148.882735568,0.15190467251052014,0.002759497024967529,1627175.4999999988
44,44,"((1456, 2675, 2548, 3659, 3549, 3052, 2268, 1744, 3589, 3125, 395, 872, 2924, 447, 2098, 1813, 3462, 3820, 1898, 1764, 2527, 2869, 1696, 3497, 3448, 3578, 1227, 2008, 3320, 3378, 3582, 1164, 5384, 3006, 3349, 1132, 2284, 2529, 3600, 1504, 958, 1718, 1731, 78, 255, 863, 556, 1822, 1822, 935), (1, 1, 3, 1, 1, 2, 2, 2, 3, 3, 2, 1, 3, 2, 1, 2, 1, 1, 1, 2, 2, 3, 2, 1, 1, 2, 3, 3, 3, 2, 1, 2, 1, 3, 3, 1, 2, 1, 1, 1, 2, 1, 1, 1, 2, 1, 1, 1, 1, 1))",1618580,1666164.0,1631399.5370386539,0.15471286015977118,0.002508358212395196,1666163.9999999981
45,45,"((1493, 1772, 1564, 2816, 1366, 6137, 3429, 3464, 8173, 1441, 1721, 1686, 2786, 2395, 2860, 2778, 3190, 1299, 2101, 3125, 2785, 1304, 2983, 3235, 1833, 1616, 1729, 219, 1790, 1879, 1974, 620, 1910, 451, 263, 1581, 2623, 1648, 2141, 3063, 3723, 2699, 1379, 1847, 4344, 633, 2095, 2954, 1867, 3540), (1, 3, 1, 1, 1, 3, 1, 1, 1, 2, 2, 2, 3, 3, 2, 2, 1, 1, 2, 2, 2, 1, 1, 1, 1, 2, 1, 3, 3, 1, 2, 2, 3, 1, 3, 2, 1, 1, 2, 2, 3, 1, 1, 1, 1, 1, 3, 2, 1, 3))",1677595,1726068.5,1691184.6374790084,0.15106534775831898,0.0025856004931154013,1726068.499999994
46,46,"((3437, 1798, 1854, 3391, 243, 324, 1444, 1621, 904, 1403, 1943, 1698, 811, 2233, 3340, 1217, 2158, 1978, 3113, 1232, 1976, 2127, 2980, 3436, 3464, 1214, 2701, 1824, 1839, 3557, 1988, 3135, 3555, 2113, 2897, 1943, 3381, 8707, 2087, 3784, 7597, 2076, 1080, 3837, 1269, 1814, 2627, 1723, 1930, 5489), (1, 1, 1, 2, 1, 2, 1, 2, 2, 2, 1, 1, 1, 1, 1, 1, 2, 1, 3, 1, 1, 2, 3, 1, 2, 2, 3, 1, 2, 1, 2, 2, 1, 2, 2, 2, 1, 2, 1, 1, 3, 1, 2, 2, 1, 2, 2, 3, 1, 2))",1780037,1831876.0,1794566.7528389462,0.15316643208329528,0.0024337458549467212,1831876.0000000119
47,47,"((1957, 1025, 941, 1098, 1794, 3542, 1456, 2286, 1813, 2935, 3485, 3363, 1715, 1195, 2690, 3242, 2658, 627, 3649, 3378, 1505, 1779, 3659, 3466, 1541, 1640, 3002, 17609, 698, 1649, 2039, 2625, 2374, 3200, 147, 2394, 1768, 2080, 1791, 2095, 539, 1621, 1902, 1551, 2794, 3523, 1848, 2093, 2906, 1493), (1, 1, 1, 1, 1, 2, 1, 1, 2, 1, 2, 2, 2, 1, 1, 1, 1, 1, 1, 1, 2, 1, 2, 2, 1, 3, 1, 1, 3, 1, 1, 1, 2, 2, 1, 1, 2, 2, 1, 1, 1, 1, 1, 1, 2, 1, 1, 3, 2, 1))",1418440,1456206.5,1428124.0861980815,0.14572235592296814,0.003264737367320416,1456206.500000001
48,48,"((1627, 1642, 1852, 2799, 3071, 1300, 1263, 1456, 2675, 2548, 3659, 3549, 3052, 2268, 1744, 3589, 3125, 395, 872, 2924, 447, 2098, 1813, 3462, 3820, 1898, 1764, 2527, 2869, 1696, 3497, 3448, 3578, 1227, 2008, 3320, 3378, 3582, 1164, 5384, 3006, 3349, 1132, 2284, 2529, 3600, 1504, 958, 1718, 1731), (3, 2, 2, 1, 1, 1, 2, 3, 2, 1, 1, 2, 3, 2, 3, 1, 2, 1, 2, 2, 1, 1, 3, 1, 1, 2, 2, 1, 2, 1, 1, 1, 1, 1, 3, 2, 1, 2, 2, 1, 1, 2, 1, 1, 2, 2, 1, 2, 1, 1))",1645604,1691483.5,1658377.3217858863,0.14416798979775386,0.0029586824737502238,1691483.4999999916
49,49,"((1454, 1215, 1460, 2747, 3528, 3457, 477, 2572, 1068, 1732, 1762, 3966, 234, 288, 291, 540, 1070, 1438, 2091, 3582, 3852, 811, 8065, 2620, 4792, 3538, 4109, 1698, 1772, 1807, 1576, 1814, 2623, 3731, 239, 1713, 2740, 1568, 675, 1680, 1391, 1983, 1187, 1957, 1025, 941, 1098, 1794, 3542, 1456), (3, 2, 2, 2, 2, 1, 1, 3, 2, 1, 1, 1, 3, 1, 2, 2, 1, 1, 2, 2, 2, 3, 1, 2, 1, 1, 3, 2, 2, 2, 1, 1, 2, 1, 1, 1, 2, 3, 2, 2, 1, 1, 1, 1, 2, 2, 2, 2, 2, 2))",1347791,1388945.0,1360332.4315701758,0.15240199917694508,0.003182293312444412,1388945.0000000056
50,50,"((1068, 1732, 1762, 3966, 234, 288, 291, 540, 1070, 1438, 2091, 3582, 3852, 811, 8065, 2620, 4792, 3538, 4109, 1698, 1772, 1807, 1576, 1814, 2623, 3731, 239, 1713, 2740, 1568, 675, 1680, 1391, 1983, 1187, 1957, 1025, 941, 1098, 1794, 3542, 1456, 2286, 1813, 2935, 3485, 3363, 1715, 1195, 2690), (1, 1, 1, 1, 3, 1, 3, 1, 1, 1, 2, 1, 3, 2, 2, 1, 2, 2, 1, 1, 1, 3, 1, 1, 3, 2, 1, 3, 2, 1, 2, 1, 1, 2, 1, 1, 1, 1, 2, 1, 3, 1, 1, 2, 2, 1, 3, 1, 3, 2))",1416172,1460324.0,1429632.4178156918,0.15688216248663225,0.0028097892563409546,1460324.0000000028
51,51,"((7852, 904, 1934, 784, 1889, 1907, 1712, 480, 652, 2284, 1587, 1700, 2666, 251, 1027, 2634, 2372, 3434, 99, 1925, 1393, 5639, 1584, 2889, 1509, 535, 769, 498, 392, 695, 3435, 1587, 1577, 2345, 3589, 3275, 643, 1724, 4546, 2609, 3412, 3125, 2294, 1692, 3476, 1835, 3517, 2797, 1515, 1348), (1, 1, 1, 2, 2, 3, 2, 2, 1, 2, 3, 2, 3, 3, 3, 3, 2, 1, 2, 2, 2, 2, 3, 2, 3, 1, 2, 2, 1, 2, 1, 1, 1, 2, 1, 3, 3, 2, 1, 2, 2, 2, 1, 2, 2, 1, 1, 2, 3, 1))",1477873,1522761.0,1491399.9450144037,0.15009187470564347,0.002965865978598469,1522760.9999999988
52,52,"((1521, 2402, 3729, 1384, 2924, 3219, 628, 1006, 3198, 822, 1213, 3530, 2688, 4609, 383, 2231, 801, 1053, 4320, 3007, 1627, 1642, 1852, 2799, 3071, 1300, 1263, 1456, 2675, 2548, 3659, 3549, 3052, 2268, 1744, 3589, 3125, 395, 872, 2924, 447, 2098, 1813, 3462, 3820, 1898, 1764, 2527, 2869, 1696), (1, 3, 2, 2, 2, 1, 3, 1, 2, 1, 2, 3, 2, 1, 1, 1, 3, 1, 2, 2, 1, 1, 2, 1, 1, 1, 2, 3, 1, 1, 2, 1, 2, 1, 1, 1, 2, 2, 1, 2, 2, 1, 1, 2, 1, 2, 1, 1, 2, 2))",1548402,1592081.0,1560325.1642447743,0.1490991424737247,0.0028120228823866407,1592081.0000000026
53,53,"((684, 5132, 1007, 1129, 471, 1736, 2225, 3326, 3452, 1762, 1419, 1836, 2406, 3438, 13321, 3170, 5021, 2562, 3573, 1284, 3854, 1932, 178, 1924, 4020, 1511, 2582, 2714, 2341, 974, 1051, 2072, 3325, 1800, 2282, 1812, 3226, 1432, 1399, 4342, 673, 907, 942, 2041, 1974, 1840, 3428, 3506, 1775, 891), (2, 2, 3, 1, 1, 1, 1, 2, 3, 2, 3, 1, 3, 2, 1, 2, 1, 3, 1, 2, 3, 2, 1, 1, 3, 2, 2, 2, 1, 2, 1, 3, 1, 2, 1, 2, 2, 2, 1, 2, 2, 2, 3, 1, 1, 1, 2, 1, 2, 1))",1718439,1768675.5,1733088.9656260211,0.15133555816586253,0.0025208139289640327,1768675.5000000002
54,54,"((2136, 2031, 1850, 2628, 750, 1798, 1663, 3232, 3036, 969, 1950, 1357, 825, 3173, 630, 1798, 1784, 3651, 3966, 3349, 1136, 3637, 3242, 3547, 1688, 2648, 2067, 1067, 1804, 1861, 1986, 3687, 3337, 1403, 1630, 1804, 3488, 2739, 3352, 11952, 3684, 3244, 3707, 3363, 1213, 2097, 3381, 3294, 1826, 1788), (1, 2, 3, 2, 2, 1, 2, 1, 2, 2, 3, 1, 3, 2, 2, 1, 2, 2, 1, 2, 3, 1, 3, 1, 1, 1, 3, 1, 2, 2, 2, 1, 1, 1, 2, 3, 1, 1, 3, 1, 1, 1, 3, 2, 3, 1, 2, 1, 1, 2))",1757859,1807390.5,1772144.138686542,0.14599002338669131,0.002742610183458807,1807390.5000000016
55,55,"((2794, 3523, 1848, 2093, 2906, 1493, 3377, 3139, 1756, 1258, 1863, 1829, 3444, 3245, 3209, 3368, 3498, 3168, 2854, 3240, 3437, 1798, 1854, 3391, 243, 324, 1444, 1621, 904, 1403, 1943, 1698, 811, 2233, 3340, 1217, 2158, 1978, 3113, 1232, 1976, 2127, 2980, 3436, 3464, 1214, 2701, 1824, 1839, 3557), (1, 2, 1, 1, 1, 2, 1, 3, 1, 3, 2, 1, 1, 1, 1, 1, 1, 1, 3, 2, 2, 1, 1, 1, 1, 1, 1, 1, 1, 1, 1, 3, 2, 2, 1, 3, 1, 1, 2, 1, 2, 3, 1, 2, 1, 2, 3, 2, 1, 3))",1565016,1609213.0,1577282.412932002,0.14771245982185247,0.0029564018241970864,1609212.9999999974
56,56,"((2127, 2980, 3436, 3464, 1214, 2701, 1824, 1839, 3557, 1988, 3135, 3555, 2113, 2897, 1943, 3381, 8707, 2087, 3784, 7597, 2076, 1080, 3837, 1269, 1814, 2627, 1723, 1930, 5489, 684, 5132, 1007, 1129, 471, 1736, 2225, 3326, 3452, 1762, 1419, 1836, 2406, 3438, 13321, 3170, 5021, 2562, 3573, 1284, 3854), (2, 2, 1, 1, 1, 1, 3, 1, 2, 3, 1, 1, 1, 2, 1, 1, 2, 2, 3, 2, 1, 1, 1, 1, 1, 1, 2, 1, 3, 1, 2, 1, 1, 2, 1, 1, 1, 3, 2, 2, 1, 2, 1, 2, 2, 3, 2, 1, 3, 1))",2041823,2102745.0,2059684.8606162826,0.1558857131327346,0.002070087933466391,2102745.0000000084
57,57,"((2730, 1027, 2913, 2390, 3009, 8705, 131, 2447, 648, 3371, 1365, 3501, 1626, 2142, 10704, 6542, 2694, 5470, 1806, 3531, 1354, 1377, 1756, 2893, 3675, 2387, 1605, 1921, 2663, 3468, 4209, 296, 3354, 3430, 737, 753, 2350, 1947, 1503, 2437, 2727, 3024, 3300, 497, 917, 906, 1731, 3936, 4266, 2149), (1, 3, 2, 1, 3, 1, 1, 1, 1, 2, 3, 1, 2, 1, 1, 3, 3, 2, 1, 1, 2, 2, 3, 1, 2, 1, 1, 2, 3, 1, 1, 2, 2, 1, 2, 2, 1, 1, 2, 2, 1, 1, 1, 3, 1, 1, 1, 1, 2, 1))",1599683,1650174.5,1615925.8078732882,0.1539184758505735,0.00271600364595746,1650174.499999999
58,58,"((1080, 1521, 2402, 3729, 1384, 2924, 3219, 628, 1006, 3198, 822, 1213, 3530, 2688, 4609, 383, 2231, 801, 1053, 4320, 3007, 1627, 1642, 1852, 2799, 3071, 1300, 1263, 1456, 2675, 2548, 3659, 3549, 3052, 2268, 1744, 3589, 3125, 395, 872, 2924, 447, 2098, 1813, 3462, 3820, 1898, 1764, 2527, 2869), (1, 2, 3, 2, 2, 1, 1, 2, 2, 2, 1, 2, 1, 3, 2, 2, 1, 1, 1, 2, 1, 1, 1, 3, 1, 2, 2, 1, 2, 1, 2, 1, 2, 1, 2, 3, 1, 2, 1, 1, 1, 1, 1, 1, 3, 1, 1, 3, 1, 1))",1502453,1546295.0,1514889.5187351084,0.14974910403562586,0.0029811994740121905,1546295.000000001
59,59,"((3429, 3464, 8173, 1441, 1721, 1686, 2786, 2395, 2860, 2778, 3190, 1299, 2101, 3125, 2785, 1304, 2983, 3235, 1833, 1616, 1729, 219, 1790, 1879, 1974, 620, 1910, 451, 263, 1581, 2623, 1648, 2141, 3063, 3723, 2699, 1379, 1847, 4344, 633, 2095, 2954, 1867, 3540, 1074, 3734, 1466, 2245, 2200, 3016), (2, 1, 1, 2, 2, 1, 3, 1, 2, 3, 2, 2, 1, 2, 1, 1, 1, 3, 1, 1, 2, 1, 2, 1, 1, 2, 3, 1, 1, 1, 1, 1, 3, 2, 1, 1, 1, 3, 1, 1, 2, 1, 2, 1, 3, 1, 1, 1, 1, 2))",1488977,1531893.0,1501374.1299728453,0.14754752943075095,0.0030816768655101984,1531892.9999999919
60,60,"((2200, 3016, 2575, 3559, 3999, 4240, 2646, 863, 931, 10673, 3909, 4379, 19982, 3394, 1519, 3274, 2455, 872, 956, 1484, 3673, 1269, 1739, 3718, 2418, 2950, 1185, 1239, 1222, 1289, 1535, 1573, 3410, 3245, 2581, 3677, 439, 1065, 1983, 2291, 3022, 2210, 3448, 1797, 40012, 3185, 1430, 2364, 701, 995), (1, 1, 1, 1, 1, 1, 1, 3, 1, 3, 1, 2, 2, 1, 1, 1, 1, 1, 2, 2, 1, 3, 2, 1, 2, 1, 1, 1, 1, 1, 1, 2, 1, 2, 1, 2, 1, 2, 2, 1, 1, 2, 1, 1, 1, 2, 3, 1, 1, 1))",1603101,1657014.5,1622246.1447153797,0.16573313400220438,0.0026066923735416233,1657014.5000000028
61,61,"((1296, 2563, 760, 1613, 3643, 2964, 3544, 1644, 2807, 2730, 1027, 2913, 2390, 3009, 8705, 131, 2447, 648, 3371, 1365, 3501, 1626, 2142, 10704, 6542, 2694, 5470, 1806, 3531, 1354, 1377, 1756, 2893, 3675, 2387, 1605, 1921, 2663, 3468, 4209, 296, 3354, 3430, 737, 753, 2350, 1947, 1503, 2437, 2727), (1, 1, 2, 1, 2, 1, 2, 1, 2, 2, 1, 1, 2, 1, 1, 1, 2, 1, 2, 1, 3, 1, 1, 3, 1, 1, 1, 1, 2, 3, 1, 2, 2, 3, 2, 2, 1, 1, 2, 2, 1, 1, 1, 2, 3, 1, 1, 3, 1, 1))",1732931,1785991.5,1749071.9893077384,0.15491446015535384,0.002419993127766814,1785991.5000000026
62,62,"((3701, 264, 4643, 1785, 2053, 3571, 2580, 1024, 3439, 840, 1386, 1764, 3673, 3719, 3162, 31226, 645, 1058, 2130, 829, 1496, 1248, 2692, 3695, 4095, 1919, 2284, 3013, 5343, 4339, 3281, 1198, 2326, 1657, 2636, 1679, 2782, 7973, 1227, 1177, 2527, 1791, 10522, 3221, 3518, 3761, 3476, 3284, 2022, 1942), (3, 1, 1, 1, 2, 2, 2, 1, 1, 1, 1, 1, 1, 1, 1, 1, 1, 1, 1, 1, 1, 2, 1, 2, 3, 1, 2, 2, 1, 1, 2, 2, 1, 1, 2, 1, 3, 2, 1, 1, 2, 1, 3, 1, 1, 3, 1, 2, 1, 2))",1897858,1954616.5,1913985.3034536843,0.1583016266261349,0.0021962866897606527,1954616.499999997
63,63,"((1842, 1960, 603, 1422, 4178, 3482, 4216, 1598, 4196, 833, 756, 1057, 2019, 2961, 1208, 4275, 2120, 2303, 2385, 641, 447, 1489, 1819, 1611, 1789, 2651, 1259, 1626, 1490, 1828, 2141, 948, 1642, 1757, 3459, 1051, 1236, 1788, 1684, 3044, 3560, 1111, 880, 2690, 12506, 1825, 2007, 3536, 4748, 3468), (2, 3, 2, 2, 1, 1, 1, 2, 2, 2, 3, 2, 1, 2, 2, 2, 1, 1, 1, 1, 3, 1, 3, 2, 1, 1, 1, 2, 1, 1, 1, 1, 3, 1, 3, 1, 1, 1, 2, 1, 1, 2, 3, 2, 2, 1, 2, 2, 1, 1))",1415091,1458402.5,1428907.4696562858,0.15157058595047104,0.003280426459097417,1458402.500000005
64,64,"((3496, 229, 518, 805, 1019, 1836, 1279, 2358, 2966, 3643, 335, 1839, 2479, 3365, 3077, 4535, 5194, 1242, 1290, 3492, 3456, 3489, 3243, 554, 3187, 3305, 1401, 3699, 1834, 1811, 2548, 2926, 3514, 1538, 3660, 691, 510, 1729, 1948, 2256, 213, 1552, 1245, 2002, 3308, 3131, 14785, 1605, 2941, 3935), (1, 2, 1, 2, 1, 1, 2, 1, 1, 1, 3, 2, 3, 1, 3, 2, 1, 2, 2, 1, 3, 1, 1, 2, 2, 2, 1, 1, 3, 3, 1, 1, 3, 3, 3, 2, 1, 3, 3, 1, 1, 1, 1, 2, 1, 1, 1, 3, 1, 1))",1506340,1553505.5,1520835.3982486648,0.15340053116749414,0.002937876750652029,1553505.4999999981
65,65,"((556, 1822, 1822, 935, 410, 1922, 3645, 3347, 1513, 1602, 1923, 762, 2144, 815, 3309, 1957, 128, 1101, 3491, 3579, 2944, 108, 3202, 1808, 3523, 3212, 579, 1875, 1817, 2328, 3717, 3577, 4981, 2405, 528, 907, 1403, 1566, 1695, 19974, 2918, 929, 621, 5229, 1357, 3689, 19491, 135, 685, 1500), (1, 1, 1, 1, 2, 2, 1, 1, 1, 1, 2, 2, 1, 2, 2, 1, 1, 1, 3, 1, 1, 1, 1, 1, 3, 3, 1, 2, 2, 1, 1, 1, 1, 1, 2, 1, 1, 1, 1, 1, 1, 3, 1, 2, 3, 3, 1, 2, 1, 2))",1217464,1263046.5,1234031.1165312491,0.16554290330766014,0.0033005701112204656,1263046.500000003
66,66,"((58007, 1936, 1943, 3336, 1511, 3429, 616, 3143, 1953, 1831, 938, 1988, 1744, 1506, 1385, 3912, 2244, 2641, 2237, 516, 1080, 1521, 2402, 3729, 1384, 2924, 3219, 628, 1006, 3198, 822, 1213, 3530, 2688, 4609, 383, 2231, 801, 1053, 4320, 3007, 1627, 1642, 1852, 2799, 3071, 1300, 1263, 1456, 2675), (1, 1, 1, 1, 3, 2, 1, 1, 1, 1, 1, 1, 2, 2, 2, 1, 2, 1, 1, 2, 3, 3, 2, 2, 3, 1, 2, 1, 1, 1, 1, 2, 2, 1, 1, 2, 2, 1, 2, 3, 1, 1, 1, 1, 1, 1, 2, 3, 2, 2))",1406491,1446183.5,1418275.4228796659,0.1490864926633964,0.0034436544176224913,1446183.4999999998
67,67,"((9263, 1677, 2784, 2406, 2349, 1491, 1585, 2638, 3094, 3177, 2585, 1899, 1545, 4472, 3497, 3584, 1475, 1363, 1383, 1374, 831, 1235, 2573, 1992, 3398, 289, 1559, 2322, 3301, 442, 7223, 2375, 3798, 3448, 3531, 1699, 4175, 94, 171, 864, 1741, 1882, 742, 2049, 2367, 2710, 1401, 1800, 2333, 1736), (2, 1, 1, 1, 1, 1, 2, 1, 1, 1, 1, 2, 2, 1, 2, 2, 2, 1, 1, 1, 1, 1, 1, 1, 2, 2, 2, 3, 1, 1, 1, 1, 2, 1, 1, 3, 1, 1, 1, 1, 1, 2, 1, 3, 3, 1, 2, 2, 2, 1))",1379761,1421726.5,1392251.7068213979,0.15045265986995576,0.00329185419155388,1421726.5000000072
68,68,"((31226, 645, 1058, 2130, 829, 1496, 1248, 2692, 3695, 4095, 1919, 2284, 3013, 5343, 4339, 3281, 1198, 2326, 1657, 2636, 1679, 2782, 7973, 1227, 1177, 2527, 1791, 10522, 3221, 3518, 3761, 3476, 3284, 2022, 1942, 2704, 2975, 1929, 320, 1708, 1973, 1714, 2676, 4036, 2128, 3610, 394, 1036, 695, 6209), (1, 3, 3, 2, 1, 1, 1, 1, 2, 2, 2, 2, 1, 2, 1, 1, 1, 1, 1, 2, 1, 1, 3, 2, 2, 2, 1, 1, 2, 2, 1, 1, 1, 2, 1, 2, 2, 2, 1, 1, 2, 1, 3, 1, 1, 1, 1, 3, 2, 3))",1782550,1838128.0,1800501.3385005381,0.1575576141996436,0.0023514691752302727,1838127.9999999946
69,69,"((2394, 1768, 2080, 1791, 2095, 539, 1621, 1902, 1551, 2794, 3523, 1848, 2093, 2906, 1493, 3377, 3139, 1756, 1258, 1863, 1829, 3444, 3245, 3209, 3368, 3498, 3168, 2854, 3240, 3437, 1798, 1854, 3391, 243, 324, 1444, 1621, 904, 1403, 1943, 1698, 811, 2233, 3340, 1217, 2158, 1978, 3113, 1232, 1976), (3, 1, 2, 1, 2, 2, 2, 1, 2, 2, 1, 1, 3, 1, 1, 3, 3, 1, 1, 1, 1, 2, 2, 3, 3, 1, 2, 2, 1, 1, 2, 1, 2, 1, 1, 1, 1, 2, 1, 2, 1, 1, 3, 3, 1, 3, 1, 2, 3, 2))",1771984,1820427.5,1784060.5389756712,0.1497679763788341,0.002410911782151548,1820427.4999999898
70,70,"((3540, 1074, 3734, 1466, 2245, 2200, 3016, 2575, 3559, 3999, 4240, 2646, 863, 931, 10673, 3909, 4379, 19982, 3394, 1519, 3274, 2455, 872, 956, 1484, 3673, 1269, 1739, 3718, 2418, 2950, 1185, 1239, 1222, 1289, 1535, 1573, 3410, 3245, 2581, 3677, 439, 1065, 1983, 2291, 3022, 2210, 3448, 1797, 40012), (1, 2, 2, 1, 2, 2, 1, 1, 2, 1, 3, 3, 1, 3, 1, 3, 2, 1, 2, 1, 2, 3, 1, 1, 1, 2, 1, 2, 1, 2, 1, 2, 1, 2, 2, 1, 1, 2, 1, 1, 3, 2, 2, 1, 1, 2, 1, 3, 3, 2))",2001447,2075968.0,2029353.2847195903,0.16853216900858126,0.002094832161857109,2075968.0000000056
71,71,"((1520, 1583, 3601, 3701, 3130, 5061, 136, 1658, 1325, 2152, 829, 3197, 1006, 480, 1572, 1467, 1178, 1829, 3693, 349, 2058, 3542, 3356, 3102, 3084, 3054, 1972, 1696, 35177, 4226, 1639, 1549, 1697, 2309, 3254, 542, 3278, 2770, 1645, 2272, 412, 3905, 1234, 3568, 3253, 1493, 1402, 1852, 2866, 3523), (2, 1, 1, 1, 1, 2, 2, 3, 3, 2, 2, 2, 2, 2, 3, 1, 1, 2, 3, 2, 1, 2, 3, 1, 1, 1, 2, 1, 2, 3, 1, 2, 2, 2, 3, 2, 1, 3, 1, 2, 2, 2, 1, 1, 1, 2, 3, 2, 3, 3))",1862238,1916553.0,1877933.840270045,0.15319944196164625,0.002331605855669423,1916552.9999999925
72,72,"((1294, 3713, 1017, 1841, 2738, 684, 7664, 1854, 1722, 2108, 1837, 3530, 3674, 2888, 378, 658, 152, 2657, 3018, 3043, 6335, 1676, 852, 1847, 1743, 8337, 5721, 852, 1236, 2309, 2679, 458, 1201, 2852, 2347, 2811, 839, 1364, 4450, 851, 2152, 2980, 374, 1205, 3270, 3661, 3408, 739, 2143, 3415), (1, 1, 2, 1, 1, 1, 2, 1, 1, 1, 2, 2, 1, 1, 1, 1, 2, 2, 1, 1, 1, 3, 3, 2, 1, 1, 2, 2, 1, 1, 3, 3, 2, 2, 1, 1, 3, 1, 3, 1, 3, 1, 2, 3, 1, 3, 1, 3, 3, 1))",1407891,1454282.5,1423183.2114732603,0.15764547758097314,0.002989106341771083,1454282.499999995
73,73,"((1713, 733, 1188, 1300, 3243, 710, 981, 5540, 1543, 1971, 3566, 3019, 988, 3451, 1807, 3035, 2989, 1341, 1639, 1930, 882, 243, 929, 483, 819, 3597, 1172, 1037, 2145, 4819, 1874, 2359, 2669, 171, 706, 5367, 1291, 1091, 3012, 2503, 1128, 2497, 3566, 2105, 2040, 3441, 1031, 934, 1095, 1399), (2, 1, 1, 1, 2, 1, 1, 2, 2, 2, 1, 2, 1, 1, 3, 1, 1, 1, 2, 1, 1, 1, 1, 3, 2, 1, 1, 1, 1, 3, 1, 1, 2, 1, 1, 2, 1, 1, 1, 1, 1, 1, 1, 2, 1, 2, 2, 2, 1, 1))",1192932,1229150.5,1203367.1420351586,0.1591859725185813,0.003337425771772349,1229150.4999999995
74,74,"((2778, 3190, 1299, 2101, 3125, 2785, 1304, 2983, 3235, 1833, 1616, 1729, 219, 1790, 1879, 1974, 620, 1910, 451, 263, 1581, 2623, 1648, 2141, 3063, 3723, 2699, 1379, 1847, 4344, 633, 2095, 2954, 1867, 3540, 1074, 3734, 1466, 2245, 2200, 3016, 2575, 3559, 3999, 4240, 2646, 863, 931, 10673, 3909), (3, 1, 1, 2, 1, 1, 2, 1, 1, 1, 2, 1, 1, 3, 2, 1, 1, 1, 2, 2, 2, 3, 1, 2, 3, 1, 1, 3, 1, 2, 1, 1, 1, 1, 2, 1, 1, 2, 1, 1, 1, 3, 2, 1, 2, 1, 1, 1, 3, 2))",1601508,1650907.5,1615971.1724108912,0.15677598945446045,0.002637155238779028,1650907.4999999946
75,75,"((1724, 4546, 2609, 3412, 3125, 2294, 1692, 3476, 1835, 3517, 2797, 1515, 1348, 1496, 2134, 4104, 3569, 13360, 3706, 1843, 2765, 134, 891, 1963, 3587, 1694, 1934, 893, 1467, 2140, 1901, 1006, 1098, 2635, 3171, 3179, 5621, 19324, 1842, 3346, 614, 761, 3182, 114, 3518, 825, 1262, 1750, 2795, 240), (1, 2, 1, 3, 2, 3, 1, 3, 2, 1, 2, 1, 2, 1, 1, 2, 1, 3, 1, 3, 2, 1, 3, 3, 1, 3, 1, 1, 2, 1, 2, 1, 1, 3, 2, 1, 1, 1, 1, 2, 1, 2, 1, 1, 1, 1, 1, 1, 3, 1))",1677102,1731530.0,1694449.7726073088,0.15848339196582256,0.0024864507583459844,1731530.0000000047
76,76,"((2432, 5579, 798, 2752, 1218, 1636, 3604, 1593, 2829, 1872, 15727, 1905, 2285, 2672, 1935, 1550, 2090, 3165, 2274, 5771, 214, 685, 2460, 1464, 4476, 1566, 1795, 1682, 1283, 1912, 2055, 3271, 2691, 3491, 3306, 1399, 1964, 2041, 3291, 1788, 1716, 1072, 1718, 3423, 786, 846, 1107, 1101, 2274, 1518), (1, 1, 2, 1, 1, 2, 3, 2, 3, 2, 2, 1, 1, 1, 2, 2, 1, 1, 1, 1, 3, 1, 1, 1, 2, 2, 1, 1, 2, 2, 1, 3, 2, 2, 1, 1, 1, 2, 1, 1, 2, 1, 3, 1, 3, 1, 1, 2, 1, 1))",1471966,1517144.5,1486567.1658624744,0.15210536959997115,0.003110268049254901,1517144.500000003
77,77,"((3664, 712, 2059, 3419, 2767, 3352, 998, 1103, 3526, 1356, 2687, 3581, 3119, 6814, 1741, 2959, 2992, 3184, 2594, 3773, 2055, 1853, 890, 1642, 2595, 2159, 3674, 3499, 7064, 2688, 1742, 1359, 424, 1501, 1734, 1323, 3639, 2897, 3335, 2335, 3106, 1150, 1913, 1973, 2051, 3134, 829, 1910, 3657, 2556), (1, 2, 1, 3, 1, 1, 3, 2, 1, 1, 1, 2, 3, 1, 3, 1, 1, 2, 1, 2, 2, 1, 2, 3, 3, 1, 2, 2, 2, 3, 1, 2, 3, 3, 1, 1, 2, 3, 2, 1, 3, 3, 2, 2, 1, 2, 1, 2, 1, 1))",1897184,1951223.0,1912480.5474519262,0.1479030546630698,0.0024282444738707443,1951223.0000000037
78,78,"((2727, 3024, 3300, 497, 917, 906, 1731, 3936, 4266, 2149, 2066, 1814, 3088, 789, 1356, 2219, 1978, 1861, 3432, 2925, 3346, 1917, 1904, 1554, 1756, 4933, 1984, 2911, 1281, 2612, 1260, 3724, 2439, 1296, 3389, 2155, 3422, 3561, 1259, 4714, 1172, 2427, 2846, 1956, 3292, 1525, 3091, 2691, 3971, 5132), (2, 1, 2, 2, 2, 1, 1, 1, 2, 1, 2, 1, 2, 1, 1, 2, 2, 2, 3, 2, 1, 1, 1, 1, 2, 3, 2, 3, 1, 2, 1, 2, 1, 2, 1, 3, 2, 1, 2, 2, 2, 2, 3, 1, 2, 1, 1, 1, 1, 1))",1885585,1936903.0,1898915.458653207,0.14778459963215435,0.0023874997147090076,1936903.0000000016
79,79,"((1926, 1630, 1877, 1307, 2595, 3396, 3113, 4678, 199, 1106, 1142, 1454, 1215, 1460, 2747, 3528, 3457, 477, 2572, 1068, 1732, 1762, 3966, 234, 288, 291, 540, 1070, 1438, 2091, 3582, 3852, 811, 8065, 2620, 4792, 3538, 4109, 1698, 1772, 1807, 1576, 1814, 2623, 3731, 239, 1713, 2740, 1568, 675), (1, 1, 1, 3, 2, 1, 2, 2, 1, 2, 3, 1, 1, 1, 1, 2, 1, 3, 1, 1, 2, 1, 3, 1, 1, 2, 1, 2, 2, 2, 2, 2, 1, 1, 1, 1, 3, 1, 2, 2, 1, 3, 2, 3, 1, 3, 1, 1, 1, 1))",1312881,1353956.5,1325427.3213409088,0.1555461933255614,0.003107957705204869,1353956.5000000014
80,80,"((1877, 3587, 6937, 917, 1587, 3550, 4787, 854, 2630, 3350, 957, 1297, 2086, 1323, 1869, 2850, 7562, 4182, 3536, 1242, 315, 3588, 3110, 2482, 2125, 2686, 1227, 985, 2210, 650, 3466, 3493, 3643, 554, 700, 1942, 3098, 1719, 13098, 3579, 1622, 2174, 1288, 1842, 2231, 19538, 2310, 1358, 3589, 3087), (2, 2, 3, 1, 1, 1, 3, 1, 3, 1, 1, 3, 1, 3, 1, 1, 2, 2, 2, 2, 1, 3, 3, 2, 2, 1, 1, 1, 1, 1, 1, 2, 1, 1, 1, 1, 1, 1, 1, 1, 3, 3, 2, 1, 1, 3, 3, 2, 1, 2))",1955154,2021164.5,1977750.7679733129,0.1647728130952162,0.002008935424115276,2021164.5000000016
81,81,"((3092, 576, 3367, 3567, 2781, 549, 1512, 1636, 1335, 3451, 1296, 2563, 760, 1613, 3643, 2964, 3544, 1644, 2807, 2730, 1027, 2913, 2390, 3009, 8705, 131, 2447, 648, 3371, 1365, 3501, 1626, 2142, 10704, 6542, 2694, 5470, 1806, 3531, 1354, 1377, 1756, 2893, 3675, 2387, 1605, 1921, 2663, 3468, 4209), (3, 2, 2, 1, 1, 2, 1, 1, 3, 1, 2, 1, 1, 1, 1, 1, 2, 1, 2, 3, 2, 3, 1, 2, 1, 2, 2, 1, 3, 2, 2, 3, 1, 2, 1, 3, 3, 1, 1, 2, 1, 2, 1, 1, 2, 3, 1, 2, 1, 1))",1784681,1839129.5,1801246.6045123641,0.15256586344285325,0.002482734020866771,1839129.5000000019
82,82,"((2783, 5295, 3239, 3328, 1386, 1128, 890, 4251, 1410, 3525, 334, 297, 423, 1825, 848, 3069, 1970, 1684, 2021, 3391, 917, 1546, 1519, 7846, 2931, 1947, 2112, 2455, 2203, 3379, 4303, 1439, 1001, 2080, 3194, 3135, 1207, 1379, 3118, 3230, 1718, 1845, 1658, 3284, 3657, 619, 2428, 2386, 3403, 1119), (1, 1, 2, 2, 2, 1, 1, 2, 3, 1, 3, 1, 2, 1, 2, 2, 1, 3, 1, 1, 1, 1, 3, 1, 1, 1, 1, 1, 1, 1, 1, 1, 1, 2, 2, 1, 2, 2, 3, 3, 2, 1, 1, 1, 1, 3, 1, 3, 2, 1))",1401491,1443369.5,1414254.8427368668,0.14965158997055886,0.003239569132491577,1443369.5000000063
83,83,"((669, 1617, 3362, 5093, 772, 3102, 3474, 3276, 7804, 3703, 2993, 3443, 3366, 952, 4983, 3228, 1976, 3057, 2979, 1648, 496, 2378, 3417, 3595, 2426, 2229, 1704, 3297, 1815, 986, 3001, 1773, 1833, 1854, 1995, 4172, 479, 2425, 843, 2612, 1913, 6403, 1393, 2686, 3416, 1812, 1902, 3096, 2348, 146), (2, 2, 1, 2, 3, 1, 3, 1, 1, 2, 1, 3, 1, 1, 2, 1, 2, 2, 1, 2, 2, 3, 2, 1, 2, 1, 1, 1, 2, 1, 2, 1, 1, 1, 1, 2, 2, 3, 2, 2, 1, 2, 1, 3, 1, 2, 2, 2, 1, 3))",1802058,1854034.5,1816423.5844206747,0.14928935510767802,0.002458830654491079,1854034.499999997
84,84,"((4527, 4537, 1388, 3769, 2279, 3652, 4696, 156, 194, 4616, 1738, 6792, 1590, 2359, 2085, 961, 666, 3465, 1838, 2030, 1737, 3196, 2888, 666, 4919, 802, 2658, 2821, 3552, 1554, 1763, 3499, 3170, 129, 999, 1013, 1219, 1591, 2317, 1895, 242, 2130, 3478, 1847, 904, 1172, 1621, 1747, 2476, 3219), (1, 1, 1, 3, 1, 1, 1, 2, 3, 1, 2, 3, 1, 1, 1, 1, 1, 1, 2, 2, 1, 1, 3, 1, 2, 2, 1, 3, 2, 1, 1, 1, 1, 2, 1, 1, 3, 1, 2, 1, 1, 2, 1, 2, 1, 1, 1, 3, 2, 1))",1370850,1414336.5,1383950.1973247698,0.15786142482804158,0.002962841816827573,1414336.5000000026
85,85,"((1465, 2241, 471, 3674, 1679, 1203, 1239, 1212, 1926, 1630, 1877, 1307, 2595, 3396, 3113, 4678, 199, 1106, 1142, 1454, 1215, 1460, 2747, 3528, 3457, 477, 2572, 1068, 1732, 1762, 3966, 234, 288, 291, 540, 1070, 1438, 2091, 3582, 3852, 811, 8065, 2620, 4792, 3538, 4109, 1698, 1772, 1807, 1576), (1, 2, 1, 1, 2, 1, 2, 2, 1, 1, 2, 2, 1, 1, 3, 1, 2, 1, 1, 1, 1, 2, 1, 1, 2, 2, 2, 2, 2, 1, 1, 3, 1, 2, 1, 2, 1, 1, 2, 1, 1, 2, 2, 1, 2, 2, 3, 2, 1, 2))",1263181,1302908.0,1275330.199959652,0.15468605108278166,0.003360339626165487,1302907.9999999988
86,86,"((2094, 1673, 923, 981, 1867, 2357, 1865, 2361, 1702, 4059, 1713, 733, 1188, 1300, 3243, 710, 981, 5540, 1543, 1971, 3566, 3019, 988, 3451, 1807, 3035, 2989, 1341, 1639, 1930, 882, 243, 929, 483, 819, 3597, 1172, 1037, 2145, 4819, 1874, 2359, 2669, 171, 706, 5367, 1291, 1091, 3012, 2503), (1, 3, 3, 1, 2, 3, 1, 2, 2, 1, 1, 1, 1, 1, 3, 1, 2, 2, 1, 1, 2, 1, 2, 3, 2, 1, 1, 2, 3, 1, 2, 1, 2, 2, 2, 1, 1, 1, 1, 1, 1, 2, 2, 1, 2, 1, 1, 2, 2, 3))",1302735,1342826.0,1315122.256291767,0.1537234272397724,0.0033115167631437995,1342826.0000000035
87,87,"((3417, 3280, 795, 858, 2965, 3285, 1755, 1797, 3511, 2068, 2523, 3247, 3267, 2220, 2467, 753, 3286, 2324, 2643, 14242, 1206, 2082, 792, 1728, 2533, 896, 1668, 2645, 2731, 1252, 2134, 1899, 1755, 2008, 2325, 2836, 3455, 194, 1294, 3713, 1017, 1841, 2738, 684, 7664, 1854, 1722, 2108, 1837, 3530), (2, 1, 2, 2, 2, 1, 2, 2, 2, 1, 1, 1, 1, 1, 2, 3, 2, 3, 1, 2, 1, 1, 1, 2, 2, 1, 2, 1, 2, 1, 1, 1, 2, 3, 1, 2, 2, 1, 1, 1, 2, 1, 1, 1, 2, 1, 1, 3, 2, 2))",1632797,1679780.0,1646343.808369891,0.14944309111085802,0.002786068229686336,1679779.999999997
88,88,"((297, 423, 1825, 848, 3069, 1970, 1684, 2021, 3391, 917, 1546, 1519, 7846, 2931, 1947, 2112, 2455, 2203, 3379, 4303, 1439, 1001, 2080, 3194, 3135, 1207, 1379, 3118, 3230, 1718, 1845, 1658, 3284, 3657, 619, 2428, 2386, 3403, 1119, 1514, 1677, 1685, 2604, 1085, 3410, 1432, 3218, 850, 2016, 3155), (2, 2, 1, 1, 2, 2, 1, 3, 2, 2, 2, 1, 1, 1, 2, 1, 2, 1, 3, 2, 3, 2, 3, 2, 3, 2, 2, 1, 2, 1, 1, 1, 2, 3, 1, 1, 3, 2, 2, 1, 1, 1, 1, 3, 1, 1, 1, 1, 2, 2))",1648327,1694392.0,1660654.4128823462,0.1496432859539157,0.0026610575322281965,1694392.0000000063
89,89,"((1795, 1682, 1283, 1912, 2055, 3271, 2691, 3491, 3306, 1399, 1964, 2041, 3291, 1788, 1716, 1072, 1718, 3423, 786, 846, 1107, 1101, 2274, 1518, 1924, 1777, 3506, 1333, 1961, 589, 1571, 2369, 1609, 859, 1748, 1522, 2083, 4691, 2105, 914, 2903, 3228, 1690, 3456, 3138, 2521, 9263, 1677, 2784, 2406), (3, 2, 3, 2, 2, 1, 2, 1, 1, 1, 1, 1, 2, 1, 3, 2, 2, 1, 3, 2, 2, 2, 3, 2, 1, 3, 1, 1, 1, 1, 2, 2, 1, 1, 1, 3, 2, 2, 2, 1, 1, 1, 2, 1, 1, 2, 3, 1, 1, 3))",1585091,1632236.0,1599037.7343993422,0.15088909957112331,0.003011193521053009,1632236.0000000016
90,90,"((3649, 3378, 1505, 1779, 3659, 3466, 1541, 1640, 3002, 17609, 698, 1649, 2039, 2625, 2374, 3200, 147, 2394, 1768, 2080, 1791, 2095, 539, 1621, 1902, 1551, 2794, 3523, 1848, 2093, 2906, 1493, 3377, 3139, 1756, 1258, 1863, 1829, 3444, 3245, 3209, 3368, 3498, 3168, 2854, 3240, 3437, 1798, 1854, 3391), (2, 1, 3, 2, 1, 1, 2, 2, 3, 2, 2, 1, 2, 2, 2, 2, 1, 1, 1, 1, 2, 1, 3, 1, 1, 1, 3, 1, 1, 2, 2, 1, 1, 2, 2, 2, 1, 1, 3, 3, 1, 2, 1, 3, 1, 3, 2, 1, 1, 1))",1894308,1946365.0,1908134.1712022584,0.14814732229509536,0.002403377452884498,1946364.999999996
91,91,"((1900, 3005, 3408, 1211, 1383, 2590, 2421, 468, 742, 1425, 2018, 1729, 1603, 3232, 3071, 824, 3451, 3496, 229, 518, 805, 1019, 1836, 1279, 2358, 2966, 3643, 335, 1839, 2479, 3365, 3077, 4535, 5194, 1242, 1290, 3492, 3456, 3489, 3243, 554, 3187, 3305, 1401, 3699, 1834, 1811, 2548, 2926, 3514), (1, 1, 1, 1, 1, 2, 3, 1, 1, 1, 1, 2, 1, 1, 1, 2, 1, 3, 1, 2, 1, 2, 3, 1, 1, 1, 1, 1, 3, 2, 1, 2, 2, 1, 2, 1, 1, 1, 2, 1, 2, 2, 1, 1, 1, 1, 2, 2, 1, 1))",1348812,1388505.5,1360111.1155836168,0.1488547542517515,0.003364225150801706,1388505.499999998
92,92,"((3499, 3170, 129, 999, 1013, 1219, 1591, 2317, 1895, 242, 2130, 3478, 1847, 904, 1172, 1621, 1747, 2476, 3219, 1382, 866, 1574, 680, 1990, 949, 1658, 2867, 1504, 1810, 10703, 184, 1171, 2471, 1800, 3409, 1529, 2654, 1269, 1567, 1036, 1563, 3250, 2596, 3562, 4142, 5638, 2178, 1575, 2763, 6645), (2, 3, 3, 1, 1, 2, 1, 3, 1, 1, 2, 1, 1, 2, 1, 2, 2, 2, 1, 2, 3, 1, 1, 1, 1, 3, 1, 1, 1, 2, 1, 3, 1, 1, 1, 2, 2, 1, 1, 1, 2, 2, 1, 2, 1, 3, 1, 1, 3, 2))",1462987,1508664.0,1476982.8381279774,0.15780674383951976,0.002793853748729886,1508663.999999999
93,93,"((5367, 1291, 1091, 3012, 2503, 1128, 2497, 3566, 2105, 2040, 3441, 1031, 934, 1095, 1399, 1671, 4538, 3276, 449, 1199, 2130, 129, 149, 104, 140, 1787, 2628, 831, 6673, 1996, 927, 1496, 2900, 1923, 1485, 3072, 5666, 2572, 7721, 1443, 3188, 3705, 4561, 3372, 3449, 33097, 1857, 2468, 1122, 3672), (2, 3, 3, 2, 3, 1, 3, 3, 2, 3, 1, 3, 2, 2, 3, 2, 1, 2, 3, 1, 1, 1, 1, 1, 1, 1, 2, 2, 2, 1, 2, 1, 1, 1, 1, 2, 1, 1, 1, 3, 2, 1, 1, 3, 1, 3, 1, 2, 1, 2))",1718782,1782553.5,1742842.4850239244,0.16694032217047,0.0023494222059419114,1782553.499999994
94,94,"((668, 3538, 3472, 2546, 1699, 3526, 3167, 2525, 1829, 1829, 1021, 1714, 759, 2605, 270, 2489, 2155, 505, 1449, 1384, 827, 1229, 1835, 3697, 3053, 3599, 651, 1732, 1424, 1032, 1400, 2045, 4928, 1852, 2202, 3524, 2219, 3047, 3125, 4598, 2259, 1451, 1773, 1966, 3899, 1484, 3799, 3281, 2183, 1409), (1, 2, 3, 2, 2, 1, 3, 1, 2, 2, 2, 1, 1, 1, 1, 1, 3, 3, 1, 1, 1, 1, 1, 1, 1, 1, 1, 2, 1, 1, 2, 1, 3, 2, 2, 1, 1, 3, 2, 1, 1, 1, 1, 2, 2, 2, 2, 2, 1, 1))",1572630,1617054.0,1584376.1821973796,0.15266114479243464,0.002690717276936681,1617053.999999997
95,95,"((2359, 2085, 961, 666, 3465, 1838, 2030, 1737, 3196, 2888, 666, 4919, 802, 2658, 2821, 3552, 1554, 1763, 3499, 3170, 129, 999, 1013, 1219, 1591, 2317, 1895, 242, 2130, 3478, 1847, 904, 1172, 1621, 1747, 2476, 3219, 1382, 866, 1574, 680, 1990, 949, 1658, 2867, 1504, 1810, 10703, 184, 1171), (2, 3, 2, 1, 1, 1, 1, 2, 1, 3, 1, 1, 1, 1, 2, 2, 1, 1, 1, 1, 3, 1, 1, 1, 1, 2, 1, 1, 1, 3, 3, 3, 2, 2, 1, 2, 3, 2, 3, 1, 1, 2, 1, 1, 3, 2, 1, 2, 1, 2))",1340560,1382536.5,1353673.8043639858,0.1558198683710158,0.0030883622939506306,1382536.5000000035
96,96,"((3552, 4821, 2411, 1357, 2094, 1673, 923, 981, 1867, 2357, 1865, 2361, 1702, 4059, 1713, 733, 1188, 1300, 3243, 710, 981, 5540, 1543, 1971, 3566, 3019, 988, 3451, 1807, 3035, 2989, 1341, 1639, 1930, 882, 243, 929, 483, 819, 3597, 1172, 1037, 2145, 4819, 1874, 2359, 2669, 171, 706, 5367), (2, 2, 1, 3, 1, 1, 3, 3, 2, 2, 1, 2, 3, 1, 2, 2, 2, 3, 1, 1, 1, 2, 1, 2, 2, 1, 2, 1, 2, 1, 1, 2, 2, 1, 1, 1, 1, 2, 3, 1, 1, 3, 1, 1, 1, 1, 2, 3, 1, 1))",1240904,1279514.0,1253089.452384136,0.15125406187623666,0.0037100096423733735,1279514.0000000023
97,97,"((1872, 15727, 1905, 2285, 2672, 1935, 1550, 2090, 3165, 2274, 5771, 214, 685, 2460, 1464, 4476, 1566, 1795, 1682, 1283, 1912, 2055, 3271, 2691, 3491, 3306, 1399, 1964, 2041, 3291, 1788, 1716, 1072, 1718, 3423, 786, 846, 1107, 1101, 2274, 1518, 1924, 1777, 3506, 1333, 1961, 589, 1571, 2369, 1609), (1, 2, 2, 1, 2, 3, 2, 2, 1, 2, 1, 2, 2, 1, 3, 2, 1, 3, 3, 3, 1, 1, 2, 1, 2, 2, 2, 2, 1, 2, 1, 1, 2, 1, 1, 1, 2, 2, 1, 3, 2, 2, 1, 3, 1, 1, 1, 2, 2, 2))",1608365,1656066.5,1623409.5769206297,0.14737365275284478,0.0029430293712404466,1656066.499999999
98,98,"((1852, 2202, 3524, 2219, 3047, 3125, 4598, 2259, 1451, 1773, 1966, 3899, 1484, 3799, 3281, 2183, 1409, 1947, 1598, 3769, 3346, 777, 3123, 10637, 732, 732, 3845, 3274, 3275, 2501, 3030, 3281, 1787, 1627, 2202, 773, 3026, 2165, 2458, 1382, 533, 1522, 2328, 2313, 2164, 2140, 653, 3568, 1644, 2748), (2, 3, 3, 1, 3, 1, 2, 1, 1, 1, 1, 1, 1, 2, 2, 2, 2, 2, 2, 1, 3, 1, 3, 1, 2, 1, 1, 2, 1, 1, 1, 2, 2, 1, 2, 2, 3, 3, 2, 1, 1, 1, 1, 1, 1, 1, 1, 1, 1, 2))",1745346,1793901.5,1758364.778253286,0.14936937417415874,0.0025449676324834805,1793901.499999999
99,99,"((1640, 3002, 17609, 698, 1649, 2039, 2625, 2374, 3200, 147, 2394, 1768, 2080, 1791, 2095, 539, 1621, 1902, 1551, 2794, 3523, 1848, 2093, 2906, 1493, 3377, 3139, 1756, 1258, 1863, 1829, 3444, 3245, 3209, 3368, 3498, 3168, 2854, 3240, 3437, 1798, 1854, 3391, 243, 324, 1444, 1621, 904, 1403, 1943), (1, 1, 1, 1, 1, 3, 1, 1, 1, 2, 2, 1, 3, 1, 3, 3, 2, 1, 1, 2, 1, 2, 1, 3, 2, 1, 1, 1, 3, 2, 1, 2, 2, 2, 1, 2, 3, 1, 1, 3, 2, 1, 1, 1, 2, 2, 1, 1, 1, 1))",1491730,1534089.0,1503474.7159032682,0.1488121722361267,0.003027186266688801,1534088.9999999956
