,Unnamed: 0,Instance,DP,Random,QAOA_1,QAOA_beta,QAOA_gamma,QAOA_classical
0,0,"((1842, 1960, 603, 1422, 4178, 3482, 4216, 1598, 4196, 833, 756, 1057, 2019, 2961, 1208), (2, 3, 1, 1, 2, 3, 1, 1, 1, 2, 3, 2, 1, 1, 3))",148698,161474.5,153608.60162690282,0.2206961424292509,0.007624870023262761,161474.50000000006
1,1,"((2605, 270, 2489, 2155, 505, 1449, 1384, 827, 1229, 1835, 3697, 3053, 3599, 651, 1732), (3, 1, 1, 2, 3, 2, 1, 1, 1, 3, 2, 1, 1, 3, 2))",130882,141919.5,134924.7828279987,0.2208506101051768,0.00797221820178267,141919.50000000006
2,2,"((234, 288, 291, 540, 1070, 1438, 2091, 3582, 3852, 811, 8065, 2620, 4792, 3538, 4109), (2, 3, 1, 1, 2, 3, 1, 1, 1, 2, 3, 2, 1, 1, 3))",158515,174259.5,164659.4109211562,0.24800535376670346,0.005317179137203436,174259.5
3,3,"((2980, 3436, 3464, 1214, 2701, 1824, 1839, 3557, 1988, 3135, 3555, 2113, 2897, 1943, 3381), (1, 1, 1, 1, 1, 1, 3, 1, 1, 1, 1, 2, 1, 2, 2))",165937,177689.5,169419.92135847063,0.20107902436334976,0.007546808753711525,177689.49999999988
4,4,"((2852, 2347, 2811, 839, 1364, 4450, 851, 2152, 2980, 374, 1205, 3270, 3661, 3408, 739), (2, 3, 1, 1, 2, 3, 1, 1, 1, 2, 3, 2, 1, 1, 3))",158734,172693.5,164044.9800641233,0.2272229474549898,0.006297702197469932,172693.5
5,5,"((3854, 1932, 178, 1924, 4020, 1511, 2582, 2714, 2341, 974, 1051, 2072, 3325, 1800, 2282), (2, 3, 1, 1, 2, 3, 1, 1, 1, 2, 3, 2, 1, 1, 3))",163418,176649.0,167846.5717660644,0.2161188753637999,0.006847479505382046,176649.0
6,6,"((3673, 1269, 1739, 3718, 2418, 2950, 1185, 1239, 1222, 1289, 1535, 1573, 3410, 3245, 2581), (3, 1, 1, 2, 3, 2, 1, 1, 1, 3, 2, 1, 1, 3, 2))",204945,219934.5,209256.05437806048,0.21689241455278574,0.004949103519529004,219934.50000000012
7,7,"((1609, 859, 1748, 1522, 2083, 4691, 2105, 914, 2903, 3228, 1690, 3456, 3138, 2521, 9263), (1, 1, 1, 1, 1, 1, 2, 1, 2, 1, 1, 1, 1, 1, 1))",137454,147313.5,140540.763525897,0.20655144172683135,0.00888462779773048,147313.49999999994
8,8,"((854, 2630, 3350, 957, 1297, 2086, 1323, 1869, 2850, 7562, 4182, 3536, 1242, 315, 3588), (3, 1, 1, 2, 3, 2, 1, 1, 1, 3, 2, 1, 1, 3, 2))",179610,195780.5,185582.12209154305,0.23816343786774524,0.005042419085710861,195780.49999999988
9,9,"((3419, 2767, 3352, 998, 1103, 3526, 1356, 2687, 3581, 3119, 6814, 1741, 2959, 2992, 3184), (1, 1, 1, 1, 1, 1, 2, 1, 1, 1, 1, 2, 2, 1, 1))",157797,168686.5,160856.40889309562,0.2024788094459612,0.007642289618111322,168686.5
10,10,"((2532, 3340, 3302, 3343, 6593, 1127, 1449, 1268, 2019, 1743, 2282, 2653, 3322, 6666, 2894), (3, 1, 1, 2, 3, 2, 1, 1, 1, 3, 2, 1, 1, 3, 2))",258179,279610.5,265517.2577504993,0.2312649006581461,0.003648370573573037,279610.5000000001
11,11,"((1554, 1756, 4933, 1984, 2911, 1281, 2612, 1260, 3724, 2439, 1296, 3389, 2155, 3422, 3561), (2, 1, 1, 1, 1, 2, 1, 2, 1, 1, 1, 2, 1, 1, 1))",143991,154506.0,147303.15687379538,0.20403757760567096,0.008519715757757286,154506.00000000006
12,12,"((1756, 2893, 3675, 2387, 1605, 1921, 2663, 3468, 4209, 296, 3354, 3430, 737, 753, 2350), (2, 3, 1, 1, 2, 3, 1, 1, 1, 2, 3, 2, 1, 1, 3))",181236,195999.0,186196.1128535461,0.22019642366079425,0.005696749058225164,195998.99999999997
13,13,"((1950, 1357, 825, 3173, 630, 1798, 1784, 3651, 3966, 3349, 1136, 3637, 3242, 3547, 1688), (2, 3, 1, 1, 2, 3, 1, 1, 1, 2, 3, 2, 1, 1, 3))",162461,175724.5,167036.19557659642,0.2137513660747244,0.007528735499369755,175724.49999999994
14,14,"((1970, 1684, 2021, 3391, 917, 1546, 1519, 7846, 2931, 1947, 2112, 2455, 2203, 3379, 4303), (2, 3, 1, 1, 2, 3, 1, 1, 1, 2, 3, 2, 1, 1, 3))",189810,204436.5,194825.36924078738,0.2124900779619432,0.006372276444693654,204436.5
15,15,"((3428, 3506, 1775, 891, 1118, 3567, 3390, 3056, 7604, 1842, 1960, 603, 1422, 4178, 3482), (2, 3, 1, 1, 2, 3, 1, 1, 1, 2, 3, 2, 1, 1, 3))",206277,223044.0,212078.25883106663,0.22546860402983984,0.004802742108570914,223043.99999999988
16,16,"((1017, 1841, 2738, 684, 7664, 1854, 1722, 2108, 1837, 3530, 3674, 2888, 378, 658, 152), (3, 1, 1, 1, 1, 2, 1, 1, 3, 1, 1, 2, 1, 1, 1))",109030,117943.5,112213.55314409392,0.21875134996871826,0.010393244263964449,117943.50000000006
17,17,"((528, 907, 1403, 1566, 1695, 19974, 2918, 929, 621, 5229, 1357, 3689, 19491, 135, 685), (3, 1, 1, 2, 3, 2, 1, 1, 1, 3, 2, 1, 1, 3, 2))",178061,197962.0,186475.41079513315,0.2841432272723552,0.005226985094823531,197962.0000000001
18,18,"((3677, 439, 1065, 1983, 2291, 3022, 2210, 3448, 1797, 40012, 3185, 1430, 2364, 701, 995), (3, 1, 1, 2, 3, 2, 1, 1, 1, 3, 2, 1, 1, 3, 2))",296525,315034.0,303737.16218023445,0.2318309770326488,0.004727243230674456,315034.0
19,19,"((1605, 2941, 3935, 1408, 2617, 1417, 1605, 5925, 1560, 3009, 3558, 1910, 3469, 664, 1542), (1, 1, 1, 1, 1, 1, 1, 1, 1, 1, 3, 2, 1, 2, 1))",138492,148987.0,141916.27386351427,0.2110862107558474,0.008551972947877006,148987.0
20,20,"((2286, 1813, 2935, 3485, 3363, 1715, 1195, 2690, 3242, 2658, 627, 3649, 3378, 1505, 1779), (3, 1, 1, 2, 3, 2, 1, 1, 1, 3, 2, 1, 1, 3, 2))",188359,203131.5,193277.40897492235,0.2152058436377856,0.0059167578830343105,203131.5
21,21,"((577, 2440, 3384, 2616, 3666, 58007, 1936, 1943, 3336, 1511, 3429, 616, 3143, 1953, 1831), (2, 1, 1, 2, 1, 1, 1, 1, 1, 1, 1, 2, 1, 1, 1))",182315,191793.5,185209.78877318968,0.20585882834523644,0.008815955547813925,191793.50000000012
22,22,"((1206, 2082, 792, 1728, 2533, 896, 1668, 2645, 2731, 1252, 2134, 1899, 1755, 2008, 2325), (2, 3, 1, 1, 2, 3, 1, 1, 1, 2, 3, 2, 1, 1, 3))",152704,164122.5,156240.71584410925,0.21452334917038965,0.007126619436925325,164122.50000000006
23,23,"((3459, 1051, 1236, 1788, 1684, 3044, 3560, 1111, 880, 2690, 12506, 1825, 2007, 3536, 4748), (3, 1, 1, 2, 3, 2, 1, 1, 1, 3, 2, 1, 1, 3, 2))",239919,258636.5,246474.07692951476,0.21937361616996848,0.004526752619210128,258636.49999999997
24,24,"((1763, 3499, 3170, 129, 999, 1013, 1219, 1591, 2317, 1895, 242, 2130, 3478, 1847, 904), (2, 1, 1, 1, 2, 1, 2, 1, 2, 1, 2, 3, 1, 1, 1))",102001,110364.5,104787.53120536676,0.21816032176640188,0.010644252595583707,110364.49999999996
25,25,"((643, 1724, 4546, 2609, 3412, 3125, 2294, 1692, 3476, 1835, 3517, 2797, 1515, 1348, 1496), (3, 1, 1, 2, 3, 2, 1, 1, 1, 3, 2, 1, 1, 3, 2))",180376,194311.5,185132.32083978073,0.21324536826358725,0.006231155899697023,194311.50000000003
26,26,"((2051, 3134, 829, 1910, 3657, 2556, 668, 3538, 3472, 2546, 1699, 3526, 3167, 2525, 1829), (2, 3, 1, 1, 2, 3, 1, 1, 1, 2, 3, 2, 1, 1, 3))",202958,218964.0,208380.46294169317,0.21250156351298227,0.0054760799981802815,218964.00000000012
27,27,"((1708, 1973, 1714, 2676, 4036, 2128, 3610, 394, 1036, 695, 6209, 2345, 2314, 3547, 1206), (1, 1, 1, 1, 1, 3, 3, 1, 1, 1, 2, 1, 3, 1, 3))",162322,175982.5,167162.03140516358,0.22478411350160013,0.0065476443357299074,175982.50000000003
28,28,"((1128, 2497, 3566, 2105, 2040, 3441, 1031, 934, 1095, 1399, 1671, 4538, 3276, 449, 1199), (1, 1, 2, 1, 1, 3, 3, 1, 1, 2, 2, 1, 1, 3, 3))",134602,145861.5,138847.04568573314,0.21958277293400036,0.008357490609452334,145861.5
29,29,"((643, 1724, 4546, 2609, 3412, 3125, 2294, 1692, 3476, 1835, 3517, 2797, 1515, 1348, 1496), (2, 3, 1, 1, 2, 3, 1, 1, 1, 2, 3, 2, 1, 1, 3))",189883,205046.0,195221.953741805,0.21675925496413265,0.0056421307597414,205046.0
30,30,"((1007, 1129, 471, 1736, 2225, 3326, 3452, 1762, 1419, 1836, 2406, 3438, 13321, 3170, 5021), (3, 1, 1, 2, 3, 2, 1, 1, 1, 3, 2, 1, 1, 3, 2))",196210,211288.0,201495.06602854058,0.21568413278514068,0.005924227471305636,211288.00000000003
31,31,"((2359, 2669, 171, 706, 5367, 1291, 1091, 3012, 2503, 1128, 2497, 3566, 2105, 2040, 3441), (3, 1, 1, 2, 3, 2, 1, 1, 1, 3, 2, 1, 1, 3, 2))",173370,188478.0,178904.1737330441,0.22609257750740394,0.005816140796078665,188478.0
32,32,"((1590, 2359, 2085, 961, 666, 3465, 1838, 2030, 1737, 3196, 2888, 666, 4919, 802, 2658), (1, 1, 2, 1, 1, 1, 1, 1, 1, 1, 1, 1, 1, 1, 1))",104341,112106.0,106791.18769772284,0.20848879335898116,0.010819003424404531,112106.0
33,33,"((3462, 3820, 1898, 1764, 2527, 2869, 1696, 3497, 3448, 3578, 1227, 2008, 3320, 3378, 3582), (2, 3, 1, 1, 2, 3, 1, 1, 1, 2, 3, 2, 1, 1, 3))",241105,259249.5,246768.5870605261,0.21393337473850296,0.004443277824587893,259249.49999999988
34,34,"((2738, 684, 7664, 1854, 1722, 2108, 1837, 3530, 3674, 2888, 378, 658, 152, 2657, 3018), (1, 3, 1, 3, 2, 3, 3, 3, 1, 2, 1, 3, 2, 1, 2))",166386,180303.0,171359.00984613894,0.22262247003211,0.006273115184213743,180303.0000000001
35,35,"((1521, 2402, 3729, 1384, 2924, 3219, 628, 1006, 3198, 822, 1213, 3530, 2688, 4609, 383), (2, 3, 1, 1, 2, 3, 1, 1, 1, 2, 3, 2, 1, 1, 3))",153167,166045.5,157885.82376837402,0.22215652653965406,0.006881643930260751,166045.5
36,36,"((4812, 3569, 1373, 1893, 1905, 1423, 1516, 1475, 1818, 1958, 3220, 2864, 999, 1397, 3285), (3, 1, 1, 2, 3, 2, 1, 1, 1, 3, 2, 1, 1, 3, 2))",190868,205989.0,195863.5578530997,0.21954791661711312,0.005578707315048713,205989.00000000012
37,37,"((3125, 4598, 2259, 1451, 1773, 1966, 3899, 1484, 3799, 3281, 2183, 1409, 1947, 1598, 3769), (3, 1, 1, 2, 3, 2, 1, 1, 1, 3, 2, 1, 1, 3, 2))",203024,218773.0,208301.68123278586,0.21353280599203955,0.005588748829714169,218773.00000000003
38,38,"((7804, 3703, 2993, 3443, 3366, 952, 4983, 3228, 1976, 3057, 2979, 1648, 496, 2378, 3417), (2, 3, 1, 1, 2, 3, 1, 1, 1, 2, 3, 2, 1, 1, 3))",239826,259292.5,246515.9850977813,0.21841071459989472,0.004460674474066408,259292.49999999988
39,39,"((1815, 986, 3001, 1773, 1833, 1854, 1995, 4172, 479, 2425, 843, 2612, 1913, 6403, 1393), (2, 3, 1, 1, 2, 3, 1, 1, 1, 2, 3, 2, 1, 1, 3))",144661,156318.5,148968.78477246527,0.21027201224014147,0.00861158840088793,156318.50000000006
40,40,"((3448, 3531, 1699, 4175, 94, 171, 864, 1741, 1882, 742, 2049, 2367, 2710, 1401, 1800), (2, 1, 1, 1, 1, 1, 2, 2, 1, 1, 3, 1, 2, 1, 1))",113405,123106.0,116897.88507037064,0.2190210885562353,0.008930188433447952,123105.99999999993
41,41,"((3448, 3578, 1227, 2008, 3320, 3378, 3582, 1164, 5384, 3006, 3349, 1132, 2284, 2529, 3600), (2, 3, 1, 1, 2, 3, 1, 1, 1, 2, 3, 2, 1, 1, 3))",256569,275973.5,262395.34032083326,0.21803688903914556,0.003850704528211774,275973.5
42,42,"((852, 1236, 2309, 2679, 458, 1201, 2852, 2347, 2811, 839, 1364, 4450, 851, 2152, 2980), (1, 2, 1, 2, 1, 2, 3, 1, 1, 3, 1, 3, 1, 1, 1))",141242,153054.5,145405.88198526323,0.2291001722678415,0.006911986024680596,153054.49999999994
43,43,"((3274, 2455, 872, 956, 1484, 3673, 1269, 1739, 3718, 2418, 2950, 1185, 1239, 1222, 1289), (3, 1, 2, 3, 1, 1, 1, 1, 1, 1, 1, 1, 1, 1, 1))",114403,123280.0,117392.54556337699,0.21301769980109556,0.010445321816978086,123279.99999999993
44,44,"((1299, 2101, 3125, 2785, 1304, 2983, 3235, 1833, 1616, 1729, 219, 1790, 1879, 1974, 620), (2, 3, 1, 1, 2, 3, 1, 1, 1, 2, 3, 2, 1, 1, 3))",133312,143991.0,136909.57349865168,0.21771036972239924,0.008151401451812342,143990.99999999994
45,45,"((3018, 3043, 6335, 1676, 852, 1847, 1743, 8337, 5721, 852, 1236, 2309, 2679, 458, 1201), (3, 1, 1, 2, 3, 2, 1, 1, 1, 3, 2, 1, 1, 3, 2))",145480,157663.5,149688.23087601687,0.2245454048215883,0.00852612407826712,157663.50000000006
46,46,"((854, 2630, 3350, 957, 1297, 2086, 1323, 1869, 2850, 7562, 4182, 3536, 1242, 315, 3588), (3, 1, 1, 2, 3, 2, 1, 1, 1, 3, 2, 1, 1, 3, 2))",179610,195780.5,185582.12209154305,0.23816343786774524,0.005042419085710861,195780.49999999988
47,47,"((3966, 234, 288, 291, 540, 1070, 1438, 2091, 3582, 3852, 811, 8065, 2620, 4792, 3538), (1, 1, 1, 1, 1, 1, 3, 2, 1, 1, 1, 1, 2, 1, 3))",123384,134460.0,127245.40167508242,0.2335936907350433,0.008022694246909181,134460.0
48,48,"((3337, 1403, 1630, 1804, 3488, 2739, 3352, 11952, 3684, 3244, 3707, 3363, 1213, 2097, 3381), (2, 3, 1, 1, 2, 3, 1, 1, 1, 2, 3, 2, 1, 1, 3))",256067,274453.5,261687.38044069704,0.2121894376800114,0.00430768610122205,274453.4999999999
49,49,"((2694, 5470, 1806, 3531, 1354, 1377, 1756, 2893, 3675, 2387, 1605, 1921, 2663, 3468, 4209), (3, 1, 1, 2, 3, 2, 1, 1, 1, 3, 2, 1, 1, 3, 2))",212805,229114.0,218263.92789881554,0.21240153964332945,0.005391991440556343,229114.00000000012
50,50,"((1405, 3663, 3554, 3106, 2402, 730, 2209, 1520, 1583, 3601, 3701, 3130, 5061, 136, 1658), (3, 1, 1, 2, 3, 2, 1, 1, 1, 3, 2, 1, 1, 3, 2))",170754,184694.5,175621.68801342114,0.218214911752182,0.006272622987302744,184694.5
51,51,"((986, 3001, 1773, 1833, 1854, 1995, 4172, 479, 2425, 843, 2612, 1913, 6403, 1393, 2686), (1, 3, 2, 1, 2, 1, 3, 1, 1, 1, 1, 1, 1, 1, 2))",159612,172019.5,163556.17316376662,0.2240046547952571,0.00620965459871397,172019.50000000006
52,52,"((3155, 171, 3429, 1457, 1175, 3664, 712, 2059, 3419, 2767, 3352, 998, 1103, 3526, 1356), (2, 3, 1, 1, 2, 3, 1, 1, 1, 2, 3, 2, 1, 1, 3))",158996,172438.5,163663.53757741902,0.2285099196769099,0.0059443370084109924,172438.50000000006
53,53,"((3581, 3119, 6814, 1741, 2959, 2992, 3184, 2594, 3773, 2055, 1853, 890, 1642, 2595, 2159), (1, 3, 2, 1, 1, 1, 1, 1, 1, 1, 2, 2, 1, 1, 2))",182513,196669.0,187074.47787906614,0.21395798724912699,0.00627790071216894,196668.99999999977
54,54,"((2918, 1090, 843, 3373, 1879, 3583, 2397, 2566, 836, 1259, 1848, 3264, 1607, 577, 2440), (2, 3, 1, 1, 2, 3, 1, 1, 1, 2, 3, 2, 1, 1, 3))",169601,182894.0,173976.4966511221,0.2188592984021547,0.006117636889737264,182894.0000000001
55,55,"((985, 2210, 650, 3466, 3493, 3643, 554, 700, 1942, 3098, 1719, 13098, 3579, 1622, 2174), (2, 3, 1, 1, 2, 3, 1, 1, 1, 2, 3, 2, 1, 1, 3))",205647,222694.5,212056.20921698192,0.22270189903094428,0.005420657855095161,222694.5000000001
56,56,"((1756, 4933, 1984, 2911, 1281, 2612, 1260, 3724, 2439, 1296, 3389, 2155, 3422, 3561, 1259), (2, 3, 1, 1, 2, 3, 1, 1, 1, 2, 3, 2, 1, 1, 3))",201437,217215.5,206718.67614135137,0.2188507078325864,0.005426525047284482,217215.50000000012
57,57,"((2049, 2367, 2710, 1401, 1800, 2333, 1736, 928, 2184, 3444, 2320, 2693, 2136, 2031, 1850), (1, 2, 3, 2, 1, 1, 2, 3, 1, 1, 2, 3, 1, 1, 3))",175342,188405.0,179457.18548648185,0.21236644560861048,0.006344378751800661,188405.0000000001
58,58,"((2784, 2406, 2349, 1491, 1585, 2638, 3094, 3177, 2585, 1899, 1545, 4472, 3497, 3584, 1475), (2, 3, 1, 1, 2, 3, 1, 1, 1, 2, 3, 2, 1, 1, 3))",198086,213785.5,203535.85475814232,0.20901090705176695,0.006152050764160871,213785.50000000012
59,59,"((1751, 1911, 1273, 356, 1460, 612, 1158, 809, 1925, 840, 2257, 4170, 5685, 1196, 2771), (3, 1, 1, 2, 3, 2, 1, 1, 1, 3, 2, 1, 1, 3, 2))",117683,127854.0,121654.9586420092,0.2178606919501044,0.010148535683010213,127854.0
60,60,"((4561, 3372, 3449, 33097, 1857, 2468, 1122, 3672, 2522, 1931, 3020, 3553, 2942, 1193, 1884), (3, 1, 1, 2, 3, 2, 1, 1, 1, 3, 2, 1, 1, 3, 2))",278982,297755.0,285683.6590871654,0.21637354910523826,0.005100842599306691,297755.0000000001
61,61,"((1679, 1203, 1239, 1212, 1926, 1630, 1877, 1307, 2595, 3396, 3113, 4678, 199, 1106, 1142), (3, 1, 1, 2, 3, 2, 1, 1, 1, 3, 2, 1, 1, 3, 2))",146067,157790.0,150112.24446891143,0.2178202762953684,0.007366095909162859,157790.0
62,62,"((2959, 2992, 3184, 2594, 3773, 2055, 1853, 890, 1642, 2595, 2159, 3674, 3499, 7064, 2688), (2, 3, 1, 1, 2, 3, 1, 1, 1, 2, 3, 2, 1, 1, 3))",231655,248974.0,237244.11894175137,0.2094213909029621,0.004964057790471879,248973.99999999985
63,63,"((2359, 2085, 961, 666, 3465, 1838, 2030, 1737, 3196, 2888, 666, 4919, 802, 2658, 2821), (3, 1, 1, 2, 3, 2, 1, 1, 1, 3, 2, 1, 1, 3, 2))",178807,193213.5,183621.3965507066,0.22450278953014635,0.005332901927989654,193213.49999999997
64,64,"((858, 2965, 3285, 1755, 1797, 3511, 2068, 2523, 3247, 3267, 2220, 2467, 753, 3286, 2324), (2, 3, 1, 1, 2, 3, 1, 1, 1, 2, 3, 2, 1, 1, 3))",202930,218792.5,208136.31597650802,0.21614357181520244,0.00521348133477572,218792.5000000001
65,65,"((10704, 6542, 2694, 5470, 1806, 3531, 1354, 1377, 1756, 2893, 3675, 2387, 1605, 1921, 2663), (2, 3, 1, 1, 2, 3, 1, 1, 1, 2, 3, 2, 1, 1, 3))",283895,307346.0,292329.99012278346,0.2207225444574801,0.0037553733777689726,307346.0000000001
66,66,"((1865, 2361, 1702, 4059, 1713, 733, 1188, 1300, 3243, 710, 981, 5540, 1543, 1971, 3566), (2, 3, 1, 1, 2, 3, 1, 1, 1, 2, 3, 2, 1, 1, 3))",157825,170831.0,162515.06081095006,0.22241449556174447,0.006897958141262621,170831.0
67,67,"((2136, 2031, 1850, 2628, 750, 1798, 1663, 3232, 3036, 969, 1950, 1357, 825, 3173, 630), (2, 3, 1, 1, 2, 3, 1, 1, 1, 2, 3, 2, 1, 1, 3))",133199,143898.0,136805.7105115822,0.217804176628884,0.008529242332707179,143898.0
68,68,"((1772, 1564, 2816, 1366, 6137, 3429, 3464, 8173, 1441, 1721, 1686, 2786, 2395, 2860, 2778), (3, 1, 1, 2, 3, 2, 1, 1, 1, 3, 2, 1, 1, 3, 2))",222703,240202.0,228775.37797732692,0.21711495011546844,0.0051434033375584364,240202.00000000012
69,69,"((1529, 2654, 1269, 1567, 1036, 1563, 3250, 2596, 3562, 4142, 5638, 2178, 1575, 2763, 6645), (3, 1, 1, 2, 3, 2, 1, 1, 1, 3, 2, 1, 1, 3, 2))",215774,233595.0,222097.11724008684,0.22210723404269248,0.004991737493575255,233594.99999999985
70,70,"((1622, 2174, 1288, 1842, 2231, 19538, 2310, 1358, 3589, 3087, 271, 1905, 3531, 1661, 2722), (1, 1, 3, 3, 1, 1, 1, 1, 1, 1, 2, 1, 1, 1, 3))",146368,156703.0,149956.66666839365,0.20965988679755887,0.009247384838074187,156703.00000000012
71,71,"((2276, 1876, 1520, 1465, 3335, 2532, 612, 4122, 866, 1238, 2616, 3579, 540, 3163, 3860), (2, 3, 1, 1, 2, 3, 1, 1, 1, 2, 3, 2, 1, 1, 3))",192808,208393.0,198040.9844434324,0.2200207140096226,0.00516149177518798,208393.0000000001
72,72,"((2623, 1648, 2141, 3063, 3723, 2699, 1379, 1847, 4344, 633, 2095, 2954, 1867, 3540, 1074), (3, 1, 1, 3, 1, 2, 1, 2, 2, 2, 3, 2, 2, 2, 1))",216908,232987.0,221769.54648603007,0.21073750067378166,0.004988754195410412,232987.0
73,73,"((3373, 1879, 3583, 2397, 2566, 836, 1259, 1848, 3264, 1607, 577, 2440, 3384, 2616, 3666), (2, 3, 1, 1, 2, 3, 1, 1, 1, 2, 3, 2, 1, 1, 3))",173026,186881.0,177870.98829009282,0.21617454723725227,0.006323435220258849,186881.0000000001
74,74,"((3026, 2165, 2458, 1382, 533, 1522, 2328, 2313, 2164, 2140, 653, 3568, 1644, 2748, 1708), (3, 1, 1, 2, 3, 2, 1, 1, 1, 3, 2, 1, 1, 3, 2))",154318,166646.5,158477.7373258904,0.2203632817542121,0.006788227199159285,166646.49999999994
75,75,"((2529, 3600, 1504, 958, 1718, 1731, 78, 255, 863, 556, 1822, 1822, 935, 410, 1922), (3, 1, 1, 2, 3, 2, 1, 1, 1, 3, 2, 1, 1, 3, 2))",101356,109692.5,104092.9832336239,0.2280340033765569,0.008987721311205768,109692.5000000001
76,76,"((4787, 854, 2630, 3350, 957, 1297, 2086, 1323, 1869, 2850, 7562, 4182, 3536, 1242, 315), (1, 1, 2, 1, 3, 1, 1, 1, 1, 1, 3, 1, 1, 2, 2))",154219,168164.5,159448.3676572136,0.23536417217566066,0.00636981679949515,168164.49999999988
77,77,"((3162, 31226, 645, 1058, 2130, 829, 1496, 1248, 2692, 3695, 4095, 1919, 2284, 3013, 5343), (3, 1, 1, 2, 3, 2, 1, 1, 1, 3, 2, 1, 1, 3, 2))",235640,252962.5,241728.3077321553,0.2228158713702733,0.004768413197496952,252962.5
78,78,"((1696, 2449, 4038, 551, 437, 6315, 5883, 2594, 3339, 2956, 2912, 4196, 897, 991, 1748), (2, 3, 1, 1, 2, 3, 1, 1, 1, 2, 3, 2, 1, 1, 3))",204644,222689.5,211333.90793276517,0.2285730854304109,0.004822912071292326,222689.5000000001
79,79,"((3439, 840, 1386, 1764, 3673, 3719, 3162, 31226, 645, 1058, 2130, 829, 1496, 1248, 2692), (2, 3, 1, 1, 2, 3, 1, 1, 1, 2, 3, 2, 1, 1, 3))",195924,209883.0,200930.81130035527,0.2238329570705833,0.005927565983837892,209883.0000000001
80,80,"((1185, 1239, 1222, 1289, 1535, 1573, 3410, 3245, 2581, 3677, 439, 1065, 1983, 2291, 3022), (2, 3, 1, 1, 2, 3, 1, 1, 1, 2, 3, 2, 1, 1, 3))",140584,152020.5,144665.47112777823,0.2154789372330644,0.008304631352170059,152020.4999999999
81,81,"((3528, 3457, 477, 2572, 1068, 1732, 1762, 3966, 234, 288, 291, 540, 1070, 1438, 2091), (2, 3, 1, 1, 2, 3, 1, 1, 1, 2, 3, 2, 1, 1, 3))",110921,120996.0,114707.64205682775,0.23658729748122745,0.008101157423950895,120995.99999999994
82,82,"((1953, 1831, 938, 1988, 1744, 1506, 1385, 3912, 2244, 2641, 2237, 516, 1080, 1521, 2402), (3, 1, 1, 2, 3, 2, 1, 1, 1, 3, 2, 1, 1, 3, 2))",160133,172087.0,163839.84372180555,0.21253586729703952,0.0066970556614467,172087.0
83,83,"((920, 995, 3895, 1145, 2457, 13087, 4743, 1916, 3784, 4286, 3676, 3918, 3662, 6919, 4940), (1, 1, 3, 3, 1, 1, 1, 2, 3, 2, 1, 3, 1, 1, 1))",245026,265215.0,252243.71051756854,0.22315988723667626,0.004486524803211583,265215.0
84,84,"((5367, 1291, 1091, 3012, 2503, 1128, 2497, 3566, 2105, 2040, 3441, 1031, 934, 1095, 1399), (1, 1, 3, 1, 3, 1, 1, 3, 1, 2, 1, 3, 1, 1, 1))",141825,153319.0,145952.54877473813,0.2202926211713116,0.007933244766393982,153319.00000000006
85,85,"((2489, 2155, 505, 1449, 1384, 827, 1229, 1835, 3697, 3053, 3599, 651, 1732, 1424, 1032), (3, 1, 1, 2, 3, 2, 1, 1, 1, 3, 2, 1, 1, 3, 2))",144495,156318.0,148654.37466892274,0.22063618723533568,0.007349627158249284,156318.00000000006
86,86,"((1292, 2919, 1493, 3076, 868, 1118, 1299, 3500, 3462, 178, 231, 256, 586, 3614, 1696), (2, 3, 1, 1, 2, 3, 1, 1, 1, 2, 3, 2, 1, 1, 3))",98309,107442.5,101730.82563876157,0.2310468569462473,0.010684734930021613,107442.50000000012
87,87,"((1841, 2738, 684, 7664, 1854, 1722, 2108, 1837, 3530, 3674, 2888, 378, 658, 152, 2657), (3, 1, 1, 2, 3, 2, 1, 1, 1, 3, 2, 1, 1, 3, 2))",165690,180392.5,171134.22189601156,0.22614439091096103,0.005989894118008773,180392.5000000001
88,88,"((786, 846, 1107, 1101, 2274, 1518, 1924, 1777, 3506, 1333, 1961, 589, 1571, 2369, 1609), (2, 3, 1, 1, 2, 3, 1, 1, 1, 2, 3, 2, 1, 1, 3))",120023,129441.5,123273.20589642477,0.21433254242107852,0.00957169995775297,129441.5
89,89,"((1839, 2479, 3365, 3077, 4535, 5194, 1242, 1290, 3492, 3456, 3489, 3243, 554, 3187, 3305), (2, 3, 1, 1, 2, 3, 1, 1, 1, 2, 3, 2, 1, 1, 3))",261033,281291.0,267329.45679590025,0.2177482341365192,0.0038714833765191416,281291.0
90,90,"((1424, 1032, 1400, 2045, 4928, 1852, 2202, 3524, 2219, 3047, 3125, 4598, 2259, 1451, 1773), (2, 3, 1, 1, 2, 3, 1, 1, 1, 2, 3, 2, 1, 1, 3))",198454,213457.5,203148.07718472954,0.2149467732576345,0.005677073628006331,213457.5
91,91,"((3499, 3170, 129, 999, 1013, 1219, 1591, 2317, 1895, 242, 2130, 3478, 1847, 904, 1172), (3, 1, 1, 2, 3, 2, 1, 1, 1, 3, 2, 1, 1, 3, 2))",110986,120792.0,114715.89478299046,0.2231160221847055,0.009825941018762404,120791.99999999994
92,92,"((931, 10673, 3909, 4379, 19982, 3394, 1519, 3274, 2455, 872, 956, 1484, 3673, 1269, 1739), (3, 1, 1, 2, 3, 2, 1, 1, 1, 3, 2, 1, 1, 3, 2))",243150,267218.5,253310.9395037,0.2577909416743092,0.0042373556229039966,267218.5
93,93,"((3001, 1578, 1801, 2815, 3283, 769, 860, 1336, 3646, 3082, 205, 204, 348, 1493, 6047), (2, 3, 1, 1, 2, 3, 1, 1, 1, 2, 3, 2, 1, 1, 3))",144153,157013.5,148514.0364924394,0.24070476184667985,0.0056018947244816574,157013.50000000006
94,94,"((1744, 3589, 3125, 395, 872, 2924, 447, 2098, 1813, 3462, 3820, 1898, 1764, 2527, 2869), (3, 1, 1, 2, 3, 2, 1, 1, 1, 3, 2, 1, 1, 3, 2))",173219,186998.0,177800.1105075319,0.21944696433594035,0.005829903439617024,186997.99999999988
95,95,"((596, 4228, 1008, 1242, 2352, 3400, 1019, 1380, 2267, 3427, 3525, 3711, 1206, 1750, 1450), (2, 3, 1, 1, 2, 3, 1, 1, 1, 2, 3, 2, 1, 1, 3))",206819,222785.5,211412.0296627836,0.22579207160893525,0.004360574290881337,222785.5
96,96,"((3143, 1953, 1831, 938, 1988, 1744, 1506, 1385, 3912, 2244, 2641, 2237, 516, 1080, 1521), (3, 1, 1, 2, 3, 2, 1, 1, 1, 3, 2, 1, 1, 3, 2))",156127,168077.0,160009.32687815154,0.21677202515241653,0.00679930831015785,168076.99999999994
97,97,"((627, 3649, 3378, 1505, 1779, 3659, 3466, 1541, 1640, 3002, 17609, 698, 1649, 2039, 2625), (2, 3, 1, 1, 2, 3, 1, 1, 1, 2, 3, 2, 1, 1, 3))",251762,273189.0,260399.80423688897,0.23171288389091646,0.004222845546174061,273189.0000000001
98,98,"((234, 288, 291, 540, 1070, 1438, 2091, 3582, 3852, 811, 8065, 2620, 4792, 3538, 4109), (3, 1, 1, 2, 3, 2, 1, 1, 1, 3, 2, 1, 1, 3, 2))",146315,160515.0,151909.40002962487,0.23965402931195498,0.006170766172719614,160515.0
99,99,"((577, 2440, 3384, 2616, 3666, 58007, 1936, 1943, 3336, 1511, 3429, 616, 3143, 1953, 1831), (3, 1, 1, 2, 3, 2, 1, 1, 1, 3, 2, 1, 1, 3, 2))",296899,313138.5,302772.45622663456,0.21849995830839025,0.005636501627265432,313138.5
