,Unnamed: 0,Instance,DP,Random,QAOA_1,QAOA_beta,QAOA_gamma,QAOA_classical
0,0,"((2231, 19538, 2310, 1358, 3589, 3087, 271, 1905, 3531, 1661), (2, 2, 1, 3, 1, 1, 1, 3, 1, 2))",113921,124128.5,117702.19376739096,0.25030391396755874,0.008393292161190972,124128.5
1,1,"((3087, 271, 1905, 3531, 1661, 2722, 2710, 2136, 2847, 1282), (1, 1, 2, 2, 2, 3, 2, 1, 1, 2))",85384,94340.5,88482.58919078662,0.23854306740711265,0.008192574493181145,94340.5
2,2,"((3378, 1505, 1779, 3659, 3466, 1541, 1640, 3002, 17609, 698), (2, 1, 1, 2, 3, 2, 2, 2, 1, 1))",116623,126513.0,119557.72947015786,0.2399034579241435,0.0065641614875220355,126512.99999999994
3,3,"((2532, 612, 4122, 866, 1238, 2616, 3579, 540, 3163, 3860), (1, 1, 2, 2, 2, 3, 2, 1, 1, 2))",88296,97396.0,91190.84844870359,0.2512581235484765,0.007093414418278947,97395.99999999996
4,4,"((5771, 214, 685, 2460, 1464, 4476, 1566, 1795, 1682, 1283), (2, 1, 1, 2, 3, 2, 2, 2, 1, 1))",80361,89167.5,83586.57600386621,0.25159538456389724,0.008348593627288403,89167.5
5,5,"((3350, 957, 1297, 2086, 1323, 1869, 2850, 7562, 4182, 3536), (3, 3, 3, 1, 1, 1, 1, 1, 1, 1))",79465,87366.0,82392.57495974077,0.23770135957282,0.010930490708209192,87365.99999999994
6,6,"((1817, 1404, 256, 2696, 906, 295, 4494, 3541, 288, 861), (2, 1, 1, 2, 3, 2, 2, 2, 1, 1))",57879,64942.5,60660.03115152408,0.2653343089621513,0.0094464616056528,64942.50000000002
7,7,"((1976, 3057, 2979, 1648, 496, 2378, 3417, 3595, 2426, 2229), (2, 1, 1, 2, 3, 2, 2, 2, 1, 1))",87166,95659.0,89841.5870614697,0.23546901367177603,0.008243394244969627,95659.0
8,8,"((2609, 3412, 3125, 2294, 1692, 3476, 1835, 3517, 2797, 1515), (1, 1, 2, 2, 1, 3, 2, 3, 1, 1))",112157,123215.5,115514.49343055427,0.24211859403623445,0.0059434527459648065,123215.5
9,9,"((3408, 1211, 1383, 2590, 2421, 468, 742, 1425, 2018, 1729), (1, 1, 2, 2, 2, 3, 2, 1, 1, 2))",59394,65364.5,61473.85614079473,0.2390828548186669,0.012004014346943008,65364.49999999999
10,10,"((1744, 3589, 3125, 395, 872, 2924, 447, 2098, 1813, 3462), (2, 1, 1, 2, 3, 2, 2, 2, 1, 1))",60382,66742.5,62640.28658520497,0.2440264462611368,0.012371276891935871,66742.5
11,11,"((8337, 5721, 852, 1236, 2309, 2679, 458, 1201, 2852, 2347), (1, 1, 2, 2, 2, 3, 2, 1, 1, 2))",77615,86174.0,80857.86541940918,0.2493397138771357,0.010269857064310295,86174.0
12,12,"((974, 1051, 2072, 3325, 1800, 2282, 1812, 3226, 1432, 1399), (2, 1, 1, 2, 3, 2, 2, 2, 1, 1))",80807,88752.0,83355.45081070121,0.2359341403793511,0.008857558517083674,88751.99999999999
13,13,"((3637, 3242, 3547, 1688, 2648, 2067, 1067, 1804, 1861, 1986), (2, 1, 1, 2, 3, 2, 2, 2, 1, 1))",89213,98410.0,92453.45077251826,0.2345002786159288,0.008515613225162127,98410.0
14,14,"((1512, 1636, 1335, 3451, 1296, 2563, 760, 1613, 3643, 2964), (2, 1, 1, 2, 3, 2, 2, 2, 1, 1))",72318,79983.5,75261.7262667405,0.2348782809507784,0.010820931782169614,79983.49999999999
15,15,"((1956, 3292, 1525, 3091, 2691, 3971, 5132, 625, 1678, 1171), (1, 1, 2, 2, 2, 3, 2, 1, 1, 2))",101952,112863.0,105838.48263220153,0.24557907260013534,0.006431627663836312,112862.99999999994
16,16,"((439, 1065, 1983, 2291, 3022, 2210, 3448, 1797, 40012, 3185), (1, 1, 2, 2, 2, 3, 2, 1, 1, 2))",131684,140856.0,134425.68361771328,0.23622275581359256,0.0071884705673367156,140856.0
17,17,"((6814, 1741, 2959, 2992, 3184, 2594, 3773, 2055, 1853, 890), (3, 2, 1, 3, 1, 1, 1, 2, 1, 1))",109647,121970.5,114280.69189915867,0.2491413920457685,0.0065579591346307965,121970.50000000006
18,18,"((3119, 6814, 1741, 2959, 2992, 3184, 2594, 3773, 2055, 1853), (1, 1, 1, 1, 1, 3, 2, 1, 2, 2))",98192,107583.0,101166.33294249537,0.2333022731261077,0.008300390622758686,107583.00000000004
19,19,"((1738, 6792, 1590, 2359, 2085, 961, 666, 3465, 1838, 2030), (1, 1, 2, 2, 2, 3, 2, 1, 1, 2))",70882,78119.5,73652.21504246094,0.2348790102682065,0.011476142312971215,78119.49999999997
20,20,"((40012, 3185, 1430, 2364, 701, 995, 1590, 852, 1123, 3536), (2, 1, 1, 2, 3, 2, 2, 2, 1, 1))",136803,145371.0,140329.19274259798,0.2602716433065441,0.010234541916398924,145371.0
21,21,"((1925, 1393, 5639, 1584, 2889, 1509, 535, 769, 498, 392), (1, 1, 2, 2, 2, 3, 2, 1, 1, 2))",58404,64955.0,61088.17172363242,0.2547573049569491,0.011833218385285987,64955.0
22,22,"((2620, 4792, 3538, 4109, 1698, 1772, 1807, 1576, 1814, 2623), (1, 1, 1, 1, 1, 2, 3, 2, 2, 3))",88808,97935.0,91902.29212831036,0.23661463826841156,0.009133808791788434,97935.00000000004
23,23,"((2860, 2778, 3190, 1299, 2101, 3125, 2785, 1304, 2983, 3235), (1, 1, 2, 2, 2, 3, 2, 1, 1, 2))",105707,116168.5,109091.81484387533,0.2343935841899663,0.006764967244831052,116168.5
24,24,"((397, 2583, 3258, 1751, 1911, 1273, 356, 1460, 612, 1158), (2, 1, 1, 1, 1, 2, 3, 3, 3, 1))",41511,46033.0,43248.5746643625,0.243624467565956,0.02018237429266849,46033.0
25,25,"((1401, 1800, 2333, 1736, 928, 2184, 3444, 2320, 2693, 2136), (1, 1, 2, 2, 2, 3, 2, 1, 1, 2))",83469,91835.5,86350.377216847,0.2323122779121506,0.008907845006687912,91835.5
26,26,"((2019, 1743, 2282, 2653, 3322, 6666, 2894, 3119, 1870, 3687), (1, 2, 2, 1, 2, 1, 2, 2, 2, 1))",105421,115418.0,108697.89888683613,0.2289255640512643,0.0074256300450827655,115417.99999999994
27,27,"((2087, 3579, 1232, 5482, 1371, 2254, 760, 1901, 1216, 3099), (1, 1, 2, 1, 1, 1, 3, 1, 3, 2))",64070,70734.0,66659.77868465071,0.23517653064019506,0.01318745298456689,70734.0
28,28,"((2229, 1704, 3297, 1815, 986, 3001, 1773, 1833, 1854, 1995), (1, 1, 3, 1, 2, 2, 1, 1, 2, 2))",82826,90759.0,85169.00489594396,0.2385500874863345,0.008429387896886624,90758.99999999996
29,29,"((1572, 1467, 1178, 1829, 3693, 349, 2058, 3542, 3356, 3102), (1, 1, 2, 2, 2, 3, 2, 1, 1, 2))",75284,82996.5,77933.3150646693,0.2398984497041441,0.00938479876410981,82996.5
30,30,"((3549, 3052, 2268, 1744, 3589, 3125, 395, 872, 2924, 447), (2, 1, 1, 2, 3, 2, 2, 2, 1, 1))",79317,88288.0,82669.12405012887,0.2520918707571272,0.007733614675698419,88287.99999999999
31,31,"((1621, 904, 1403, 1943, 1698, 811, 2233, 3340, 1217, 2158), (1, 1, 2, 2, 2, 3, 2, 1, 1, 2))",66576,72610.5,68319.73205338564,0.2328657871528974,0.010917721415331485,72610.49999999999
32,32,"((1187, 1957, 1025, 941, 1098, 1794, 3542, 1456, 2286, 1813), (2, 1, 1, 2, 3, 2, 2, 2, 1, 1))",63039,69355.0,65187.89766666901,0.23401833189219745,0.012679430193615608,69355.00000000001
33,33,"((3527, 3437, 4323, 432, 4455, 1281, 1615, 1589, 1520, 1407), (2, 1, 1, 2, 3, 2, 2, 2, 1, 1))",84225,93564.5,87696.35403163808,0.2518088750752485,0.00805425721738522,93564.5
34,34,"((1976, 2127, 2980, 3436, 3464, 1214, 2701, 1824, 1839, 3557), (2, 1, 1, 2, 3, 2, 2, 2, 1, 1))",100255,110232.5,103584.13927594556,0.2357773836889996,0.00722229112524102,110232.49999999996
35,35,"((2387, 1605, 1921, 2663, 3468, 4209, 296, 3354, 3430, 737), (2, 1, 1, 2, 3, 2, 2, 2, 1, 1))",96781,106939.0,100068.51402386742,0.2440224721289378,0.006437799778977275,106939.0
36,36,"((2098, 1813, 3462, 3820, 1898, 1764, 2527, 2869, 1696, 3497), (2, 1, 1, 2, 3, 2, 2, 2, 1, 1))",99249,108810.0,102405.10931148057,0.2287478476266992,0.007826931453270592,108810.0
37,37,"((3899, 1484, 3799, 3281, 2183, 1409, 1947, 1598, 3769, 3346), (2, 1, 1, 2, 3, 2, 2, 2, 1, 1))",97206,107134.0,100673.91646182133,0.2330332700328839,0.008194010335335653,107134.0
38,38,"((3538, 4109, 1698, 1772, 1807, 1576, 1814, 2623, 3731, 239), (3, 1, 1, 1, 2, 2, 1, 2, 2, 1))",87121,96091.5,90067.1729287566,0.2431785346362825,0.007565123849268584,96091.5
39,39,"((3162, 31226, 645, 1058, 2130, 829, 1496, 1248, 2692, 3695), (1, 1, 2, 2, 2, 3, 2, 1, 1, 2))",92314,99135.5,94882.55138556713,0.24035035881493064,0.012152510861937459,99135.5
40,40,"((1626, 1490, 1828, 2141, 948, 1642, 1757, 3459, 1051, 1236), (1, 1, 2, 2, 2, 3, 2, 1, 1, 2))",65886,72168.0,67926.78312075086,0.2307480465839665,0.01154171991123357,72168.0
41,41,"((2961, 1208, 4275, 2120, 2303, 2385, 641, 447, 1489, 1819), (1, 1, 2, 2, 2, 3, 2, 1, 1, 2))",76698,84780.0,79590.36229094036,0.24137819531966764,0.008860575996035973,84779.99999999997
42,42,"((1679, 1203, 1239, 1212, 1926, 1630, 1877, 1307, 2595, 3396), (1, 1, 2, 2, 2, 3, 2, 1, 1, 2))",71911,78975.0,74262.9982399711,0.2310736082742483,0.010735551766771049,78975.00000000001
43,43,"((2136, 2847, 1282, 1597, 3684, 3201, 2307, 1900, 3005, 3408), (1, 1, 2, 2, 2, 3, 2, 1, 1, 2))",102855,113277.0,106417.18009716884,0.2351364776191838,0.007037007250286411,113277.0
44,44,"((4535, 5194, 1242, 1290, 3492, 3456, 3489, 3243, 554, 3187), (2, 1, 1, 2, 3, 2, 2, 2, 1, 1))",116642,128003.5,120120.61823311038,0.2406042927029293,0.0057077481230071465,128003.50000000006
45,45,"((1642, 1852, 2799, 3071, 1300, 1263, 1456, 2675, 2548, 3659), (1, 1, 2, 2, 2, 3, 2, 1, 1, 2))",86053,94125.5,88471.97322461291,0.2353919224935377,0.00857925080492058,94125.50000000004
46,46,"((15727, 1905, 2285, 2672, 1935, 1550, 2090, 3165, 2274, 5771), (1, 1, 2, 2, 2, 3, 2, 1, 1, 2))",114409,123957.0,117301.13472434068,0.2321998803469099,0.007859476032148009,123957.0
47,47,"((815, 828, 971, 2921, 1754, 2465, 2332, 1147, 956, 6857), (1, 1, 2, 2, 2, 3, 2, 1, 1, 2))",84977,92884.0,87540.39877122352,0.24118038851783535,0.0084919077056524,92884.0
48,48,"((852, 1847, 1743, 8337, 5721, 852, 1236, 2309, 2679, 458), (1, 1, 2, 2, 2, 3, 2, 1, 1, 2))",83033,92287.0,86373.85677680021,0.2720031725298617,0.007433875712984297,92287.0
49,49,"((3568, 1644, 2748, 1708, 2432, 2791, 7279, 3573, 990, 2053), (1, 3, 3, 1, 3, 1, 1, 2, 2, 1))",97169,107305.5,101039.91724902162,0.2390576943003139,0.008198496937088245,107305.49999999996
50,50,"((685, 2460, 1464, 4476, 1566, 1795, 1682, 1283, 1912, 2055), (2, 1, 1, 2, 1, 1, 2, 1, 1, 2))",64209,70509.5,66237.39519834449,0.2372369355339424,0.011473869585201735,70509.5
51,51,"((3209, 886, 1882, 3712, 8240, 2621, 1788, 669, 1617, 3362), (1, 1, 1, 2, 3, 2, 1, 3, 2, 1))",105753,117644.0,110093.63500814467,0.2609074848687693,0.006094558554673843,117643.99999999994
52,52,"((2041, 3291, 1788, 1716, 1072, 1718, 3423, 786, 846, 1107), (2, 1, 1, 2, 3, 2, 2, 2, 1, 1))",65096,71857.5,67604.37286744677,0.2358238753943689,0.011604628939532192,71857.5
53,53,"((2694, 5470, 1806, 3531, 1354, 1377, 1756, 2893, 3675, 2387), (2, 1, 1, 2, 3, 2, 2, 2, 1, 1))",93129,101872.5,95976.95635772019,0.232044058456305,0.00852952995983557,101872.5
54,54,"((213, 1552, 1245, 2002, 3308, 3131, 14785, 1605, 2941, 3935), (1, 1, 2, 2, 2, 3, 2, 1, 1, 2))",120568,131713.5,124550.58111727785,0.2437343517383379,0.0064261855788406855,131713.5
55,55,"((3190, 1299, 2101, 3125, 2785, 1304, 2983, 3235, 1833, 1616), (1, 1, 2, 2, 2, 3, 2, 1, 1, 2))",90387,99184.0,93289.07756775642,0.2325609953090409,0.008194030807710214,99184.0
56,56,"((349, 2058, 3542, 3356, 3102, 3084, 3054, 1972, 1696, 35177), (1, 1, 2, 2, 2, 3, 2, 1, 1, 2))",182930,194317.0,185922.42290920307,0.2340690053551883,0.005446467544890632,194317.00000000003
57,57,"((1750, 1450, 2768, 841, 920, 995, 3895, 1145, 2457, 13087), (1, 1, 2, 2, 2, 3, 2, 1, 1, 2))",92900,101285.0,95987.66956953556,0.25220324835831576,0.008567622865122991,101285.0
58,58,"((4379, 19982, 3394, 1519, 3274, 2455, 872, 956, 1484, 3673), (1, 2, 3, 2, 2, 1, 1, 3, 2, 1))",128939,141340.0,133970.36687500513,0.25160435410216536,0.007001829966919439,141340.00000000006
59,59,"((6137, 3429, 3464, 8173, 1441, 1721, 1686, 2786, 2395, 2860), (1, 1, 2, 2, 2, 3, 2, 1, 1, 2))",115043,126902.5,119381.00576664839,0.23986542724085405,0.007002801571343254,126902.5
60,60,"((1128, 890, 4251, 1410, 3525, 334, 297, 423, 1825, 848), (2, 1, 2, 1, 2, 1, 1, 1, 3, 1))",51237,57414.5,53551.37920810094,0.2696126780357711,0.011678719099274771,57414.5
61,61,"((3673, 3719, 3162, 31226, 645, 1058, 2130, 829, 1496, 1248), (1, 1, 2, 2, 1, 3, 2, 2, 2, 1))",129559,139556.0,133702.24335413758,0.2582359757741451,0.008616037325651247,139556.0
62,62,"((1593, 2829, 1872, 15727, 1905, 2285, 2672, 1935, 1550, 2090), (2, 1, 1, 2, 1, 1, 2, 3, 2, 3))",117827,127987.0,121433.30643024367,0.23473540476775226,0.008168397739094141,127987.00000000006
63,63,"((131, 2447, 648, 3371, 1365, 3501, 1626, 2142, 10704, 6542), (2, 1, 1, 1, 2, 2, 3, 1, 3, 1))",105723,119470.0,111557.90517529663,0.2744098044303698,0.00615639191119855,119470.00000000006
64,64,"((3506, 1775, 891, 1118, 3567, 3390, 3056, 7604, 1842, 1960), (2, 1, 1, 2, 3, 2, 2, 2, 1, 1))",120322,131412.5,123590.60103029186,0.2389100476183986,0.0057251093307876325,131412.5
65,65,"((2455, 2203, 3379, 4303, 1439, 1001, 2080, 3194, 3135, 1207), (1, 1, 2, 2, 2, 3, 2, 1, 1, 2))",86152,94640.0,88976.76307420846,0.2373244746018227,0.008761845023399939,94640.00000000004
66,66,"((1269, 1567, 1036, 1563, 3250, 2596, 3562, 4142, 5638, 2178), (1, 1, 2, 2, 2, 3, 2, 1, 1, 2))",94628,104479.0,98279.31130058256,0.2366704353434103,0.008041324581734503,104479.00000000004
67,67,"((1291, 1091, 3012, 2503, 1128, 2497, 3566, 2105, 2040, 3441), (2, 1, 1, 2, 3, 2, 2, 2, 1, 1))",83384,91860.5,86431.2240258181,0.2337657854957158,0.008979312396803194,91860.50000000004
68,68,"((3566, 3019, 988, 3451, 1807, 3035, 2989, 1341, 1639, 1930), (1, 1, 2, 2, 2, 3, 2, 1, 1, 2))",93709,103315.0,97050.97821273669,0.2370921845395101,0.007627777822439042,103315.0
69,69,"((5639, 1584, 2889, 1509, 535, 769, 498, 392, 695, 3435), (1, 1, 2, 2, 2, 3, 2, 1, 1, 2))",52592,58315.5,54774.65518638135,0.26130061410487226,0.012922557321511208,58315.5
70,70,"((2245, 2200, 3016, 2575, 3559, 3999, 4240, 2646, 863, 931), (2, 1, 1, 2, 3, 2, 2, 2, 1, 1))",115440,126947.0,118940.42834524775,0.2385852245648549,0.0058034891079037825,126947.0
71,71,"((556, 1822, 1822, 935, 410, 1922, 3645, 3347, 1513, 1602), (1, 1, 2, 2, 2, 3, 2, 1, 1, 2))",62078,68713.0,64526.996113673566,0.24335109130966984,0.011614108739902422,68712.99999999997
72,72,"((938, 1988, 1744, 1506, 1385, 3912, 2244, 2641, 2237, 516), (1, 1, 2, 2, 2, 3, 2, 1, 1, 2))",74898,82792.0,77645.67817546698,0.24521875670987645,0.00916094552167872,82792.0
73,73,"((3077, 4535, 5194, 1242, 1290, 3492, 3456, 3489, 3243, 554), (2, 1, 1, 2, 3, 2, 2, 2, 1, 1))",101125,111783.5,104894.68977091803,0.24220895427057945,0.006850470702923289,111783.5
74,74,"((3643, 554, 700, 1942, 3098, 1719, 13098, 3579, 1622, 2174), (2, 1, 1, 2, 3, 2, 2, 2, 1, 1))",117779,128497.5,121398.98855255234,0.243433962804726,0.006419803451791411,128497.49999999994
75,75,"((1984, 2911, 1281, 2612, 1260, 3724, 2439, 1296, 3389, 2155), (1, 1, 2, 2, 2, 3, 2, 1, 1, 2))",93204,102620.0,96269.68842437144,0.2412203838172948,0.007382868508485216,102620.0
76,76,"((3583, 2397, 2566, 836, 1259, 1848, 3264, 1607, 577, 2440), (2, 1, 1, 2, 3, 2, 2, 2, 1, 1))",73968,81881.5,76847.94551162576,0.24132076137748254,0.009798677424267587,81881.5
77,77,"((140, 1787, 2628, 831, 6673, 1996, 927, 1496, 2900, 1923), (2, 1, 1, 2, 3, 2, 2, 2, 1, 1))",74445,83460.5,77932.21146558781,0.2647011297551067,0.009098713486520388,83460.5
78,78,"((2155, 505, 1449, 1384, 827, 1229, 1835, 3697, 3053, 3599), (1, 1, 2, 2, 2, 3, 2, 1, 1, 2))",65453,72594.5,68225.39678391787,0.23781189038275466,0.01223088458501331,72594.5
79,79,"((134, 891, 1963, 3587, 1694, 1934, 893, 1467, 2140, 1901), (1, 2, 1, 2, 2, 1, 3, 1, 3, 1))",59517,66177.0,62012.6988522697,0.2448033806520603,0.011854794043702129,66177.00000000003
80,80,"((3488, 2739, 3352, 11952, 3684, 3244, 3707, 3363, 1213, 2097), (2, 1, 1, 2, 3, 2, 2, 2, 1, 1))",157039,171716.5,161907.21865043265,0.23204881124937066,0.004880949372735946,171716.49999999994
81,81,"((2276, 1876, 1520, 1465, 3335, 2532, 612, 4122, 866, 1238), (2, 1, 1, 2, 3, 2, 2, 2, 1, 1))",83958,92735.0,86911.04576228402,0.24543669883998195,0.0076246465866057316,92735.00000000004
82,82,"((1854, 1722, 2108, 1837, 3530, 3674, 2888, 378, 658, 152), (1, 1, 2, 2, 2, 3, 2, 1, 1, 2))",76785,85462.5,79642.07078299281,0.2534063710255821,0.00724883216535614,85462.50000000003
83,83,"((1401, 3699, 1834, 1811, 2548, 2926, 3514, 1538, 3660, 691), (2, 1, 1, 1, 1, 1, 2, 2, 3, 1))",82111,90307.0,84812.00257459955,0.24191821334377306,0.00875608640783408,90307.0
84,84,"((5470, 1806, 3531, 1354, 1377, 1756, 2893, 3675, 2387, 1605), (2, 1, 1, 2, 3, 2, 2, 2, 1, 1))",96902,106572.0,100238.0199947897,0.2378542584577381,0.007677461500639497,106572.00000000004
85,85,"((1812, 1902, 3096, 2348, 146, 1408, 3560, 3538, 1129, 923), (1, 1, 2, 2, 2, 3, 2, 1, 1, 2))",68552,76027.0,71269.52434588151,0.2453174078798237,0.009684728412623559,76026.99999999999
86,86,"((136, 1658, 1325, 2152, 829, 3197, 1006, 480, 1572, 1467), (2, 1, 1, 2, 3, 2, 2, 2, 1, 1))",46408,51419.0,48148.206649880245,0.2489611002316657,0.014395722077559271,51419.00000000002
87,87,"((4036, 2128, 3610, 394, 1036, 695, 6209, 2345, 2314, 3547), (2, 1, 1, 2, 3, 2, 2, 2, 1, 1))",85052,94129.5,88172.54039769949,0.2522876716102259,0.007685039993627719,94129.49999999996
88,88,"((136, 1658, 1325, 2152, 829, 3197, 1006, 480, 1572, 1467), (1, 1, 2, 2, 2, 3, 2, 1, 1, 2))",56497,62968.0,58821.507138716035,0.2539149107252637,0.010844952957425416,62967.99999999999
89,89,"((4379, 19982, 3394, 1519, 3274, 2455, 872, 956, 1484, 3673), (1, 1, 1, 1, 1, 2, 3, 2, 3, 2))",94677,103292.0,98010.84300243764,0.2385411328561459,0.010256275785881522,103292.0
90,90,"((2259, 1451, 1773, 1966, 3899, 1484, 3799, 3281, 2183, 1409), (1, 1, 2, 2, 2, 3, 2, 1, 1, 2))",89665,98626.0,92685.70438037775,0.2359419145019307,0.0083941379147431,98626.00000000004
91,91,"((3909, 4379, 19982, 3394, 1519, 3274, 2455, 872, 956, 1484), (1, 1, 2, 2, 2, 3, 2, 1, 1, 2))",133995,146591.0,138726.67951439592,0.2494761599738405,0.006674339828426613,146591.0
92,92,"((6919, 4940, 1844, 5473, 2276, 1876, 1520, 1465, 3335, 2532), (2, 1, 1, 2, 3, 2, 2, 2, 1, 1))",114845,127190.5,119222.10798670929,0.2471219918772349,0.00641782806145089,127190.5
93,93,"((3488, 2739, 3352, 11952, 3684, 3244, 3707, 3363, 1213, 2097), (2, 1, 1, 2, 3, 2, 2, 2, 1, 1))",157039,171716.5,161907.21865043265,0.23204881124937066,0.004880949372735946,171716.49999999994
94,94,"((1263, 1456, 2675, 2548, 3659, 3549, 3052, 2268, 1744, 3589), (1, 3, 3, 3, 2, 3, 3, 2, 1, 3))",161276,176640.5,165731.1721934463,0.2328749783273022,0.004269564752969648,176640.50000000003
95,95,"((3184, 2594, 3773, 2055, 1853, 890, 1642, 2595, 2159, 3674), (1, 2, 1, 1, 1, 1, 2, 1, 3, 1))",73866,81234.5,76376.08299008964,0.23134968477166254,0.01101811996366206,81234.50000000003
96,96,"((2041, 1974, 1840, 3428, 3506, 1775, 891, 1118, 3567, 3390), (2, 1, 1, 2, 3, 2, 2, 2, 1, 1))",87338,96494.5,90651.84961052908,0.2408438416555973,0.008295917389537614,96494.49999999996
97,97,"((3026, 2165, 2458, 1382, 533, 1522, 2328, 2313, 2164, 2140), (1, 1, 2, 2, 2, 3, 2, 1, 1, 2))",72235,78983.0,74274.63933349107,0.2332375115492183,0.01056237904938686,78983.00000000001
98,98,"((480, 1572, 1467, 1178, 1829, 3693, 349, 2058, 3542, 3356), (1, 1, 2, 2, 2, 3, 2, 1, 1, 2))",71918,79547.0,74539.78296188629,0.2522374556109535,0.008948569800299046,79547.0
99,99,"((920, 995, 3895, 1145, 2457, 13087, 4743, 1916, 3784, 4286), (2, 2, 2, 1, 1, 3, 2, 3, 1, 1))",141034,158323.5,148132.91592018594,0.268777034759195,0.0046069272753621205,158323.5
