1, 178
1, 103
1, 260
1, 303
1, 292
1, 280
1, 331
1, 149
1, 283
1, 64
1, 116
1, 401
1, 134
1, 293
1, 137
1, 124
1, 167
1, 197
1, 324
1, 195
1, 254
1, 218
1, 174
1, 99
1, 520
1, 290
1, 138
1, 229
1, 61
1, 318
1, 81
1, 208
1, 206
1, 145
1, 73
1, 178
1, 65
1, 174
1, 204
1, 180
1, 184
1, 114
1, 62
1, 105
1, 231
1, 97
1, 134
1, 41
1, 29
1, 40
1, 186
1, 150
1, 30
1, 316
1, 240
1, 45
1, 198
1, 173
1, 189
1, 133
1, 31
1, 201
1, 290
1, 76
1, 187
1, 229
1, 133
1, 100
1, 172
1, 189
1, 304
1, 29
1, 117
1, 30
1, 344
1, 144
1, 96
1, 140
1, 509
1, 489
1, 221
1, 44
1, 209
1, 112
1, 188
1, 86
1, 130
1, 35
1, 240
1, 276
1, 137
1, 92
1, 141
1, 107
1, 296
1, 166
1, 134
1, 302
1, 163
1, 51
2, 210
3, 352
4, 801
5, 1000
6, 1000
7, 1000
2, 185
3, 382
4, 1000
5, 1000
6, 752
7, 1000
2, 158
3, 140
4, 702
5, 1000
6, 1000
7, 1000
2, 509
3, 450
4, 906
5, 625
6, 1000
7, 1000
2, 776
3, 65
4, 1000
5, 1000
6, 1000
7, 1000
2, 98
3, 171
4, 341
5, 1000
6, 1000
7, 1000
2, 138
3, 193
4, 457
5, 1000
6, 1000
7, 1000
2, 49
3, 355
4, 1000
5, 805
6, 1000
7, 757
2, 140
3, 741
4, 420
5, 1000
6, 375
7, 1000
2, 118
3, 67
4, 222
5, 152
6, 447
7, 558
2, 59
3, 265
4, 114
5, 705
6, 889
7, 1000
2, 554
3, 159
4, 1000
5, 963
6, 1000
7, 1000
2, 46
3, 94
4, 894
5, 483
6, 723
7, 762
2, 354
3, 145
4, 145
5, 526
6, 388
7, 380
2, 374
3, 1000
4, 305
5, 1000
6, 1000
7, 1000
2, 167
3, 395
4, 1000
5, 1000
6, 1000
7, 1000
2, 322
3, 244
4, 1000
5, 1000
6, 1000
7, 1000
2, 144
3, 129
4, 1000
5, 661
6, 342
7, 1000
2, 665
3, 309
4, 584
5, 236
6, 450
7, 356
2, 51
3, 163
4, 213
5, 726
6, 1000
7, 1000
2, 157
3, 403
4, 1000
5, 1000
6, 1000
7, 1000
2, 207
3, 769
4, 273
5, 1000
6, 626
7, 1000
2, 156
3, 160
4, 143
5, 264
6, 155
7, 236
2, 457
3, 1000
4, 694
5, 643
6, 1000
7, 1000
2, 820
3, 562
4, 726
5, 256
6, 215
7, 193
2, 88
3, 116
4, 332
5, 172
6, 260
7, 165
2, 550
3, 329
4, 729
5, 1000
6, 1000
7, 1000
2, 62
3, 268
4, 1000
5, 944
6, 584
7, 687
2, 428
3, 353
4, 1000
5, 1000
6, 633
7, 1000
2, 144
3, 372
4, 1000
5, 1000
6, 1000
7, 1000
2, 321
3, 423
4, 756
5, 236
6, 519
7, 680
2, 446
3, 702
4, 154
5, 370
6, 1000
7, 512
2, 87
3, 651
4, 931
5, 1000
6, 664
7, 1000
2, 127
3, 1000
4, 657
5, 1000
6, 1000
7, 1000
2, 234
3, 334
4, 1000
5, 603
6, 663
7, 335
2, 661
3, 366
4, 591
5, 485
6, 210
7, 266
2, 112
3, 684
4, 1000
5, 938
6, 1000
7, 1000
2, 94
3, 219
4, 674
5, 1000
6, 1000
7, 482
2, 270
3, 129
4, 402
5, 585
6, 423
7, 1000
2, 73
3, 857
4, 861
5, 1000
6, 1000
7, 1000
2, 93
3, 1000
4, 1000
5, 1000
6, 1000
7, 1000
2, 84
3, 96
4, 505
5, 245
6, 203
7, 209
2, 319
3, 266
4, 189
5, 554
6, 624
7, 584
2, 56
3, 271
4, 234
5, 847
6, 466
7, 994
2, 146
3, 466
4, 356
5, 231
6, 364
7, 248
2, 134
3, 1000
4, 666
5, 1000
6, 1000
7, 1000
2, 573
3, 336
4, 517
5, 525
6, 1000
7, 1000
2, 601
3, 362
4, 612
5, 701
6, 239
7, 370
2, 87
3, 71
4, 94
5, 124
6, 309
7, 559
2, 96
3, 553
4, 418
5, 201
6, 745
7, 345
2, 70
3, 106
4, 433
5, 1000
6, 278
7, 1000
2, 528
3, 892
4, 988
5, 1000
6, 1000
7, 1000
2, 76
3, 732
4, 659
5, 394
6, 930
7, 1000
2, 332
3, 208
4, 316
5, 718
6, 1000
7, 1000
2, 387
3, 1000
4, 1000
5, 1000
6, 941
7, 1000
2, 81
3, 732
4, 177
5, 188
6, 313
7, 1000
2, 435
3, 602
4, 532
5, 1000
6, 771
7, 487
2, 45
3, 78
4, 905
5, 607
6, 1000
7, 349
2, 298
3, 201
4, 189
5, 170
6, 414
7, 237
2, 170
3, 1000
4, 1000
5, 904
6, 1000
7, 1000
2, 47
3, 264
4, 155
5, 584
6, 388
7, 1000
2, 143
3, 351
4, 642
5, 1000
6, 1000
7, 1000
2, 45
3, 198
4, 324
5, 180
6, 646
7, 1000
2, 220
3, 355
4, 1000
5, 582
6, 602
7, 424
2, 280
3, 676
4, 1000
5, 1000
6, 723
7, 1000
2, 584
3, 389
4, 1000
5, 559
6, 1000
7, 1000
2, 287
3, 422
4, 712
5, 1000
6, 1000
7, 1000
2, 211
3, 432
4, 883
5, 1000
6, 1000
7, 1000
2, 288
3, 221
4, 750
5, 1000
6, 1000
7, 1000
2, 303
3, 1000
4, 1000
5, 1000
6, 1000
7, 1000
2, 576
3, 470
4, 550
5, 324
6, 792
7, 355
2, 663
3, 1000
4, 770
5, 769
6, 1000
7, 1000
2, 78
3, 818
4, 768
5, 137
6, 1000
7, 918
2, 439
3, 256
4, 465
5, 412
6, 314
7, 272
2, 541
3, 143
4, 558
5, 1000
6, 1000
7, 1000
2, 266
3, 1000
4, 884
5, 1000
6, 1000
7, 1000
2, 563
3, 273
4, 192
5, 402
6, 1000
7, 504
2, 133
3, 311
4, 178
5, 205
6, 191
7, 308
2, 130
3, 553
4, 168
5, 1000
6, 1000
7, 1000
2, 141
3, 329
4, 415
5, 422
6, 1000
7, 409
2, 382
3, 585
4, 277
5, 438
6, 249
7, 245
2, 1000
3, 792
4, 1000
5, 1000
6, 1000
7, 1000
2, 216
3, 131
4, 588
5, 1000
6, 992
7, 402
2, 109
3, 668
4, 525
5, 907
6, 1000
7, 1000
2, 115
3, 330
4, 651
5, 1000
6, 1000
7, 1000
2, 68
3, 1000
4, 575
5, 564
6, 1000
7, 686
2, 92
3, 96
4, 205
5, 324
6, 1000
7, 1000
2, 327
3, 272
4, 442
5, 277
6, 446
7, 1000
2, 292
3, 398
4, 327
5, 432
6, 499
7, 201
2, 511
3, 852
4, 732
5, 1000
6, 1000
7, 1000
2, 161
3, 270
4, 976
5, 126
6, 226
7, 1000
2, 260
3, 200
4, 150
5, 182
6, 495
7, 1000
2, 81
3, 133
4, 592
5, 720
6, 826
7, 577
2, 367
3, 453
4, 704
5, 695
6, 670
7, 778
2, 116
3, 1000
4, 1000
5, 617
6, 1000
7, 1000
2, 383
3, 283
4, 1000
5, 1000
6, 1000
7, 1000
2, 338
3, 361
4, 317
5, 304
6, 669
7, 385
2, 301
3, 277
4, 174
5, 304
6, 736
7, 823
2, 105
3, 136
4, 168
5, 208
6, 168
7, 205
2, 111
3, 350
4, 776
5, 328
6, 432
7, 300
